715.250 521.000 779.750 585.500
715.250 521.000 779.750 585.500
715.250 521.000 779.750 585.500
715.250 521.000 779.750 585.500
715.250 521.000 779.750 585.500
715.250 521.000 779.750 585.500
715.250 521.000 779.750 585.500
715.250 521.000 779.750 585.500
715.250 521.000 779.750 585.500
715.250 521.000 779.750 585.500
715.250 521.000 779.750 585.500
715.250 521.000 779.750 585.500
715.250 521.000 779.750 585.500
715.250 521.000 779.750 585.500
715.250 521.000 779.750 585.500
715.250 521.000 779.750 585.500
715.250 521.000 779.750 585.500
715.250 521.000 779.750 585.500
715.250 521.000 779.750 585.500
715.250 521.000 779.750 585.500
715.250 521.000 779.750 585.500
715.250 521.000 779.750 585.500
715.250 521.000 779.750 585.500
715.250 521.000 779.750 585.500
715.250 521.000 779.750 585.500
715.250 521.000 779.750 585.500
715.250 521.000 779.750 585.500
715.250 521.000 779.750 585.500
715.250 521.000 779.750 585.500
715.250 521.000 779.750 585.500
715.250 521.000 779.750 585.500
715.250 521.000 779.750 585.500
715.250 521.000 779.750 585.500
715.250 521.000 779.750 585.500
715.250 521.000 779.750 585.500
715.250 521.000 779.750 585.500
715.250 521.000 779.750 585.500
715.250 521.000 779.750 585.500
715.250 521.000 779.750 585.500
715.250 521.000 779.750 585.500
715.250 521.000 779.750 585.500
715.250 521.000 779.750 585.500
715.250 521.000 779.750 585.500
715.250 521.000 779.750 585.500
715.250 521.000 779.750 585.500
715.250 521.000 779.750 585.500
715.250 521.000 779.750 585.500
715.250 521.000 779.750 585.500
715.250 521.000 779.750 585.500
715.250 521.000 779.750 585.500
715.250 521.000 779.750 585.500
715.250 521.000 779.750 585.500
715.250 521.000 779.750 585.500
715.250 521.000 779.750 585.500
715.250 521.000 779.750 585.500
715.250 521.000 779.750 585.500
715.250 521.000 779.750 585.500
715.250 521.000 779.750 585.500
715.250 521.000 779.750 585.500
715.250 521.000 779.750 585.500
715.250 521.000 779.750 585.500
715.250 521.000 779.750 585.500
715.250 521.000 779.750 585.500
715.250 521.000 779.750 585.500
715.250 521.000 779.750 585.500
715.250 521.000 779.750 585.500
715.250 521.000 779.750 585.500
715.250 521.000 779.750 585.500
715.250 521.000 779.750 585.500
715.250 521.000 779.750 585.500
715.250 521.000 779.750 585.500
715.250 521.000 779.750 585.500
715.250 521.000 779.750 585.500
715.250 521.000 779.750 585.500
715.250 521.000 779.750 585.500
715.250 521.000 779.750 585.500
715.250 521.000 779.750 585.500
715.250 521.000 779.750 585.500
715.250 521.000 779.750 585.500
715.250 521.000 779.750 585.500
715.250 521.000 779.750 585.500
715.250 521.000 779.750 585.500
715.250 521.000 779.750 585.500
715.250 521.000 779.750 585.500
715.250 521.000 779.750 585.500
715.250 521.000 779.750 585.500
715.250 521.000 779.750 585.500
715.250 521.000 779.750 585.500
715.250 521.000 779.750 585.500
715.250 521.000 779.750 585.500
715.250 521.000 779.750 585.500
715.250 521.000 779.750 585.500
715.250 521.000 779.750 585.500
715.250 521.000 779.750 585.500
715.250 521.000 779.750 585.500
715.250 521.000 779.750 585.500
715.250 521.000 779.750 585.500
715.250 521.000 779.750 585.500
715.250 521.000 779.750 585.500
715.250 521.000 779.749 585.500
715.250 521.000 779.749 585.499
715.250 521.000 779.749 585.499
715.250 521.000 779.748 585.499
715.249 521.000 779.748 585.499
715.249 521.000 779.747 585.498
715.249 521.000 779.747 585.498
715.249 521.000 779.747 585.498
715.249 521.000 779.747 585.498
715.249 521.000 779.746 585.497
715.248 521.001 779.744 585.496
715.247 521.001 779.739 585.493
715.244 521.002 779.731 585.489
715.239 521.004 779.719 585.484
715.233 521.007 779.704 585.478
715.225 521.010 779.688 585.473
715.219 521.012 779.675 585.468
715.217 521.013 779.669 585.466
715.220 521.012 779.671 585.463
715.223 521.011 779.670 585.458
715.215 521.014 779.646 585.445
715.172 521.031 779.557 585.417
715.067 521.073 779.361 585.368
714.878 521.149 779.021 585.293
714.599 521.261 778.528 585.189
714.240 521.404 777.896 585.060
713.823 521.571 777.162 584.910
713.375 521.750 776.375 584.750
712.927 521.929 775.588 584.590
712.510 522.096 774.854 584.440
712.151 522.239 774.222 584.311
711.872 522.351 773.729 584.207
711.683 522.427 773.389 584.132
711.578 522.469 773.193 584.083
711.535 522.486 773.104 584.055
711.527 522.489 773.080 584.042
711.530 522.488 773.079 584.037
711.533 522.487 773.081 584.034
711.531 522.488 773.075 584.032
711.525 522.490 773.062 584.027
711.517 522.493 773.046 584.022
711.511 522.496 773.031 584.016
711.506 522.498 773.019 584.011
711.503 522.499 773.011 584.007
711.502 522.499 773.006 584.004
711.501 522.500 773.004 584.003
711.501 522.500 773.003 584.002
711.501 522.500 773.003 584.002
711.501 522.500 773.003 584.002
711.501 522.500 773.003 584.002
711.501 522.500 773.002 584.001
711.500 522.500 773.002 584.001
711.500 522.500 773.001 584.001
711.500 522.500 773.001 584.001
711.500 522.500 773.001 584.000
711.500 522.500 773.000 584.000
711.500 522.500 773.000 584.000
711.500 522.500 773.000 584.000
711.500 522.500 773.000 584.000
711.500 522.500 773.000 584.000
711.500 522.500 773.000 584.000
711.500 522.500 773.000 584.000
711.500 522.500 773.000 584.000
711.500 522.500 773.000 584.000
711.500 522.500 773.000 584.000
711.500 522.500 773.000 584.000
711.500 522.500 773.000 584.000
711.500 522.500 773.000 584.000
711.500 522.500 773.000 584.000
711.500 522.500 773.000 584.000
711.500 522.500 773.000 584.000
711.500 522.500 773.000 584.000
711.500 522.500 773.000 584.000
711.500 522.500 773.000 584.000
711.500 522.500 773.000 584.000
711.500 522.500 773.000 584.000
711.500 522.500 773.000 584.000
711.500 522.500 773.000 584.000
711.500 522.500 773.000 584.000
711.500 522.500 773.000 584.000
711.500 522.500 773.000 584.000
711.500 522.500 773.000 584.000
711.500 522.500 773.000 584.000
711.500 522.500 773.000 584.000
711.500 522.500 773.000 584.000
711.500 522.500 773.000 584.000
711.500 522.500 773.000 584.000
711.500 522.500 773.000 584.000
711.500 522.500 773.000 584.000
711.500 522.500 773.000 584.000
711.500 522.500 773.000 584.000
711.500 522.500 773.000 584.000
711.500 522.500 773.000 584.000
711.500 522.500 773.000 584.000
711.500 522.500 773.000 584.000
711.500 522.500 773.000 584.000
711.500 522.500 773.000 584.000
711.500 522.500 773.000 584.000
711.500 522.500 773.000 584.000
711.500 522.500 773.000 584.000
711.500 522.500 773.000 584.000
711.500 522.500 773.000 584.000
711.500 522.500 773.000 584.000
711.500 522.500 773.000 584.000
711.500 522.500 773.000 584.000
711.500 522.500 773.000 584.000
711.500 522.500 773.000 584.000
711.500 522.500 773.000 584.000
711.500 522.500 773.000 584.000
711.500 522.500 773.000 584.000
711.500 522.500 773.000 584.000
711.500 522.500 773.000 584.000
711.500 522.500 773.000 584.000
711.500 522.500 773.000 584.000
711.500 522.500 773.000 584.000
711.500 522.500 773.000 584.000
711.500 522.500 773.000 584.000
711.500 522.500 773.000 584.000
711.500 522.500 773.000 584.000
711.500 522.500 773.000 584.000
711.500 522.500 773.000 584.000
711.500 522.500 773.000 584.000
711.500 522.500 773.000 584.000
711.500 522.500 773.000 584.000
711.500 522.500 773.000 584.000
711.500 522.500 773.000 584.000
711.500 522.500 773.000 584.000
711.500 522.500 773.000 584.000
711.500 522.500 773.000 584.000
711.500 522.500 773.000 584.000
711.500 522.500 773.000 584.000
711.500 522.500 773.000 584.000
711.500 522.500 773.000 584.000
711.500 522.500 773.000 584.000
711.500 522.500 773.000 584.000
711.500 522.500 773.000 584.000
711.500 522.500 773.000 584.000
711.500 522.500 773.000 584.000
711.500 522.500 773.000 584.000
711.500 522.500 773.000 584.000
711.500 522.500 773.000 584.000
711.500 522.500 773.000 584.000
711.500 522.500 773.000 584.000
711.500 522.500 773.000 584.000
711.500 522.500 773.000 584.000
711.500 522.500 773.000 584.000
711.500 522.500 773.000 584.000
711.500 522.500 773.000 584.000
711.500 522.500 773.000 584.000
711.500 522.500 773.000 584.000
711.500 522.500 773.000 584.000
711.500 522.500 773.000 584.000
711.500 522.500 773.000 584.000
711.500 522.500 773.000 584.000
711.500 522.500 773.000 584.000
711.500 522.500 773.000 584.000
711.500 522.500 773.000 584.000
711.500 522.500 773.000 584.000
711.500 522.500 773.000 584.000
711.500 522.500 773.000 584.000
711.500 522.500 773.000 584.000
711.500 522.500 773.000 584.000
711.500 522.500 773.000 584.000
711.500 522.500 773.000 584.000
711.500 522.500 773.000 584.000
711.500 522.500 773.000 584.000
711.500 522.500 773.000 584.000
711.500 522.500 773.000 584.000
711.500 522.500 773.000 584.000
711.500 522.500 773.000 584.000
711.500 522.500 773.000 584.000
711.500 522.500 773.000 584.000
711.500 522.500 773.000 584.000
711.500 522.500 773.000 584.000
711.500 522.500 773.000 584.000
711.500 522.500 773.000 584.000
711.500 522.500 773.000 584.000
711.500 522.500 773.000 584.000
711.500 522.500 773.000 584.000
711.500 522.500 773.000 584.000
711.500 522.500 773.000 584.000
711.500 522.500 773.000 584.000
711.500 522.500 773.000 584.000
711.500 522.500 773.000 584.000
711.500 522.500 773.000 584.000
711.500 522.500 773.000 584.000
711.500 522.500 773.000 584.000
711.500 522.500 773.000 584.000
711.500 522.500 773.000 584.000
711.500 522.500 773.000 584.000
711.500 522.500 773.000 584.000
711.500 522.500 773.000 584.000
711.500 522.500 773.000 584.000
711.500 522.500 773.000 584.000
711.500 522.500 773.000 584.000
711.500 522.500 773.000 584.000
711.500 522.500 773.000 584.000
711.500 522.500 773.000 584.000
711.500 522.500 773.000 584.000
711.500 522.500 773.000 584.000
711.500 522.500 773.000 584.000
711.500 522.500 773.000 584.000
711.500 522.500 773.000 584.000
711.500 522.500 773.000 584.000
711.500 522.500 773.000 584.000
711.500 522.500 773.000 584.000
711.500 522.500 773.000 584.000
711.500 522.500 773.000 584.000
711.500 522.500 773.000 584.000
711.500 522.500 773.000 584.000
711.500 522.500 773.000 584.000
711.500 522.500 773.000 584.000
711.500 522.500 773.000 584.000
711.500 522.500 773.000 584.000
711.500 522.500 773.000 584.000
711.500 522.500 773.000 584.000
711.500 522.500 773.000 584.000
711.500 522.500 773.000 584.000
711.500 522.500 773.000 584.000
711.500 522.500 773.000 584.000
711.500 522.500 773.000 584.000
711.500 522.500 773.000 584.000
711.500 522.500 773.000 584.000
711.500 522.500 773.000 584.000
711.500 522.500 773.000 584.000
711.500 522.500 773.000 584.000
711.500 522.500 773.000 584.000
711.500 522.500 773.000 584.000
711.500 522.500 773.000 584.000
711.500 522.500 773.000 584.000
711.500 522.500 773.000 584.000
711.500 522.500 773.000 584.000
711.500 522.500 773.000 584.000
711.500 522.500 773.000 584.000
711.500 522.500 773.000 584.000
711.500 522.500 773.000 584.000
711.500 522.500 773.000 584.000
711.500 522.500 773.000 584.000
711.500 522.500 773.000 584.000
711.500 522.500 773.000 584.000
711.500 522.500 773.000 584.000
711.500 522.500 773.000 584.000
711.500 522.500 773.000 584.000
711.500 522.500 773.000 584.000
711.500 522.500 773.000 584.000
711.500 522.500 773.000 584.000
711.500 522.500 773.000 584.000
711.500 522.500 773.000 584.000
711.500 522.500 773.000 584.000
711.500 522.500 773.000 584.000
711.500 522.500 773.000 584.000
711.500 522.500 773.000 584.000
711.500 522.500 773.000 584.000
711.500 522.500 773.000 584.000
711.500 522.500 773.000 584.000
711.500 522.500 773.000 584.000
711.499 522.500 772.999 584.000
711.499 522.500 772.999 584.000
711.499 522.500 772.999 584.000
711.499 522.500 772.999 584.000
711.499 522.500 772.999 584.000
711.499 522.500 772.999 584.000
711.498 522.501 772.998 584.001
711.496 522.501 772.996 584.001
711.493 522.502 772.993 584.002
711.487 522.504 772.987 584.004
711.479 522.507 772.979 584.007
711.470 522.510 772.970 584.010
711.463 522.512 772.963 584.012
711.460 522.513 772.960 584.013
711.463 522.512 772.963 584.012
711.468 522.511 772.968 584.011
711.458 522.514 772.958 584.014
711.406 522.531 772.906 584.031
711.280 522.573 772.780 584.073
711.053 522.649 772.553 584.149
710.718 522.761 772.218 584.261
710.288 522.904 771.788 584.404
709.787 523.071 771.287 584.571
709.250 523.250 770.750 584.750
708.713 523.429 770.213 584.929
708.212 523.596 769.712 585.096
707.781 523.740 769.282 585.240
707.447 523.851 768.947 585.351
707.220 523.927 768.720 585.427
707.094 523.969 768.594 585.469
707.042 523.986 768.542 585.486
707.032 523.989 768.532 585.489
707.036 523.988 768.537 585.488
707.040 523.986 768.540 585.487
707.037 523.987 768.538 585.488
707.030 523.990 768.530 585.490
707.021 523.993 768.522 585.494
707.013 523.995 768.514 585.496
707.007 523.997 768.508 585.498
707.003 523.998 768.505 585.500
707.002 523.999 768.503 585.500
707.001 523.999 768.503 585.501
707.002 523.999 768.504 585.501
707.002 523.998 768.506 585.502
707.003 523.997 768.509 585.504
707.004 523.995 768.514 585.505
707.005 523.993 768.519 585.507
707.006 523.990 768.525 585.508
707.007 523.987 768.529 585.509
707.008 523.986 768.531 585.510
707.007 523.988 768.531 585.512
707.006 523.989 768.532 585.516
707.007 523.986 768.542 585.521
707.016 523.969 768.573 585.526
707.037 523.927 768.639 585.529
707.074 523.851 768.752 585.529
707.130 523.740 768.915 585.525
707.202 523.596 769.124 585.518
707.285 523.429 769.365 585.509
707.375 523.250 769.625 585.500
707.464 523.071 769.884 585.491
707.548 522.904 770.126 585.482
707.620 522.761 770.334 585.475
707.675 522.649 770.497 585.471
707.713 522.573 770.611 585.471
707.734 522.531 770.677 585.474
707.743 522.514 770.708 585.479
707.745 522.511 770.718 585.484
707.744 522.512 770.719 585.488
707.743 522.513 770.719 585.489
707.744 522.512 770.722 585.490
707.745 522.510 770.726 585.491
707.747 522.507 770.732 585.493
707.748 522.504 770.738 585.494
707.749 522.502 770.742 585.496
707.749 522.501 770.745 585.497
707.750 522.501 770.747 585.498
707.750 522.500 770.748 585.499
707.750 522.500 770.749 585.499
707.750 522.500 770.749 585.499
707.750 522.500 770.749 585.499
707.750 522.500 770.749 585.499
707.750 522.500 770.749 585.499
707.750 522.500 770.749 585.499
707.750 522.500 770.749 585.500
707.750 522.500 770.750 585.500
707.750 522.500 770.750 585.500
707.750 522.500 770.750 585.500
707.750 522.500 770.750 585.500
707.750 522.500 770.750 585.500
707.750 522.500 770.750 585.500
707.750 522.500 770.750 585.500
707.750 522.500 770.750 585.500
707.750 522.500 770.750 585.500
707.750 522.500 770.750 585.500
707.750 522.500 770.750 585.500
707.750 522.500 770.750 585.500
707.750 522.500 770.750 585.500
707.750 522.500 770.750 585.500
707.750 522.500 770.750 585.500
707.750 522.500 770.750 585.500
707.750 522.500 770.750 585.500
707.750 522.500 770.750 585.500
707.750 522.500 770.750 585.500
707.750 522.500 770.750 585.500
707.750 522.500 770.750 585.500
707.750 522.500 770.750 585.500
707.750 522.500 770.750 585.500
707.750 522.500 770.750 585.500
707.750 522.500 770.750 585.500
707.750 522.500 770.750 585.500
707.750 522.500 770.750 585.500
707.750 522.500 770.750 585.500
707.750 522.500 770.750 585.500
707.750 522.500 770.750 585.500
707.750 522.500 770.750 585.500
707.750 522.500 770.750 585.500
707.750 522.500 770.750 585.500
707.750 522.500 770.750 585.500
707.750 522.500 770.750 585.500
707.750 522.500 770.750 585.500
707.750 522.500 770.750 585.500
707.750 522.500 770.750 585.500
707.750 522.500 770.750 585.500
707.750 522.500 770.750 585.500
707.750 522.500 770.750 585.500
707.750 522.500 770.750 585.500
707.750 522.500 770.750 585.500
707.750 522.500 770.750 585.500
707.750 522.500 770.750 585.500
707.750 522.500 770.750 585.500
707.750 522.500 770.750 585.500
707.750 522.500 770.750 585.500
707.750 522.500 770.750 585.500
707.750 522.500 770.750 585.500
707.750 522.500 770.750 585.500
707.750 522.500 770.750 585.500
707.750 522.500 770.750 585.500
707.750 522.500 770.750 585.500
707.750 522.500 770.750 585.500
707.750 522.500 770.750 585.500
707.750 522.500 770.750 585.500
707.751 522.500 770.750 585.499
707.751 522.501 770.749 585.499
707.751 522.501 770.749 585.499
707.751 522.501 770.749 585.499
707.752 522.501 770.749 585.499
707.752 522.501 770.749 585.499
707.752 522.501 770.749 585.499
707.752 522.502 770.749 585.498
707.753 522.502 770.748 585.498
707.756 522.505 770.748 585.497
707.762 522.509 770.749 585.496
707.772 522.517 770.751 585.497
707.785 522.528 770.756 585.499
707.800 522.540 770.763 585.503
707.812 522.550 770.768 585.506
707.817 522.553 770.769 585.506
707.811 522.549 770.762 585.500
707.803 522.543 770.751 585.490
707.820 522.556 770.751 585.487
707.906 522.625 770.792 585.511
708.117 522.793 770.911 585.588
708.495 523.096 771.138 585.739
709.053 523.542 771.481 585.971
709.770 524.116 771.926 586.272
710.605 524.784 772.444 586.623
711.500 525.500 773.000 587.000
712.395 526.216 773.556 587.377
713.230 526.884 774.074 587.728
713.947 527.458 774.519 588.029
714.505 527.904 774.862 588.261
714.883 528.207 775.089 588.412
715.094 528.375 775.208 588.489
715.180 528.444 775.249 588.513
715.197 528.457 775.249 588.510
715.189 528.451 775.238 588.500
715.184 528.447 775.231 588.494
715.188 528.450 775.232 588.494
715.200 528.460 775.237 588.497
715.215 528.472 775.243 588.500
715.229 528.483 775.248 588.502
715.238 528.491 775.251 588.503
715.244 528.495 775.252 588.503
715.247 528.498 775.252 588.502
715.248 528.498 775.251 588.502
715.248 528.499 775.251 588.501
715.248 528.499 775.251 588.501
715.248 528.499 775.251 588.502
715.248 528.499 775.251 588.502
715.248 528.499 775.251 588.502
715.249 528.499 775.251 588.502
715.249 528.500 775.251 588.502
715.249 528.500 775.251 588.502
715.249 528.500 775.251 588.502
715.249 528.500 775.251 588.502
715.249 528.500 775.251 588.502
715.249 528.500 775.251 588.502
715.249 528.500 775.251 588.502
715.248 528.500 775.252 588.504
715.247 528.500 775.253 588.506
715.244 528.500 775.253 588.510
715.240 528.500 775.254 588.514
715.235 528.500 775.253 588.518
715.232 528.500 775.253 588.522
715.230 528.500 775.254 588.524
715.231 528.500 775.256 588.525
715.233 528.500 775.260 588.527
715.228 528.500 775.263 588.535
715.203 528.500 775.261 588.557
715.143 528.500 775.244 588.601
715.035 528.500 775.209 588.674
714.874 528.500 775.152 588.778
714.668 528.500 775.078 588.910
714.426 528.499 774.990 589.063
714.166 528.499 774.895 589.229
713.902 528.499 774.799 589.396
713.653 528.499 774.708 589.554
713.434 528.498 774.628 589.692
713.256 528.498 774.563 589.805
713.127 528.498 774.517 589.889
713.044 528.498 774.490 589.944
712.998 528.497 774.477 589.976
712.975 528.494 774.471 589.991
712.960 528.488 774.467 589.995
712.947 528.478 774.461 589.993
712.931 528.465 774.452 589.986
712.915 528.450 774.443 589.978
712.903 528.438 774.436 589.971
712.903 528.434 774.439 589.970
712.917 528.440 774.454 589.977
712.930 528.447 774.473 589.990
712.907 528.431 774.469 589.993
712.785 528.344 774.397 589.956
712.490 528.132 774.197 589.839
711.964 527.751 773.826 589.614
711.193 527.190 773.273 589.270
710.207 526.468 772.561 588.822
709.066 525.630 771.735 588.299
707.844 524.732 770.849 587.737
706.616 523.836 769.957 587.176
705.459 523.001 769.112 586.654
704.446 522.284 768.368 586.206
703.651 521.732 767.781 585.861
703.148 521.368 767.414 585.633
702.999 521.187 767.327 585.515
703.241 521.156 767.564 585.479
703.874 521.225 768.135 585.486
704.859 521.350 769.015 585.506
706.126 521.500 770.149 585.522
707.590 521.659 771.461 585.530
709.157 521.820 772.869 585.532
710.730 521.976 774.285 585.531
712.212 522.123 775.620 585.531
713.510 522.252 776.789 585.532
714.546 522.354 777.722 585.530
715.282 522.420 778.383 585.521
715.730 522.444 778.782 585.496
715.956 522.423 778.981 585.448
716.050 522.361 779.061 585.373
716.092 522.266 779.098 585.272
716.134 522.146 779.137 585.149
716.195 522.011 779.195 585.011
716.266 521.867 779.262 584.863
716.318 521.718 779.309 584.709
716.315 521.565 779.301 584.551
716.244 521.416 779.225 584.397
716.159 521.289 779.133 584.262
716.227 521.222 779.189 584.184
716.748 521.276 779.689 584.217
718.103 521.522 781.008 584.428
720.615 522.014 783.467 584.866
724.439 522.768 787.215 585.544
729.538 523.758 792.217 586.436
735.734 524.933 798.295 587.494
742.775 526.227 805.200 588.652
750.381 527.567 812.658 589.844
758.280 528.885 820.397 591.002
766.228 530.113 828.179 592.064
774.053 531.199 835.829 592.975
781.693 532.108 843.283 593.698
789.236 532.841 850.621 594.226
796.883 533.426 858.035 594.578
804.847 533.909 865.731 594.792
813.242 534.332 873.817 594.907
822.049 534.722 882.278 594.950
831.141 535.093 890.990 594.943
840.327 535.451 899.773 594.898
849.391 535.797 908.422 594.828
858.118 536.132 916.731 594.745
866.314 536.462 924.513 594.661
873.833 536.793 931.628 594.588
880.620 537.135 938.018 594.534
886.731 537.497 943.734 594.500
892.327 537.886 948.925 594.484
897.593 538.302 953.768 594.477
902.662 538.738 958.394 594.469
907.584 539.182 962.856 594.455
912.334 539.623 967.143 594.432
916.845 540.049 971.201 594.405
921.033 540.455 974.965 594.387
924.813 540.838 978.366 594.392
928.113 541.186 981.352 594.425
930.892 541.469 983.894 594.470
933.158 541.619 986.008 594.469
934.977 541.534 987.764 594.321
936.467 541.097 989.276 593.907
937.755 540.225 990.661 593.131
938.934 538.904 991.999 591.969
940.045 537.190 993.321 590.465
941.093 535.193 994.616 588.715
942.060 533.046 995.857 586.843
942.923 530.896 997.011 584.984
943.664 528.887 998.049 583.271
944.267 527.154 998.946 581.833
944.714 525.804 999.677 580.767
944.977 524.887 1000.214 580.124
945.022 524.374 1000.527 579.879
944.812 524.164 1000.586 579.939
944.327 524.127 1000.379 580.179
943.571 524.152 999.913 580.495
942.574 524.176 999.218 580.821
941.380 524.178 998.331 581.128
940.046 524.158 997.299 581.411
938.629 524.130 996.167 581.668
937.184 524.102 994.980 581.897
935.767 524.077 993.781 582.090
934.424 524.051 992.609 582.236
933.183 524.012 991.491 582.321
932.050 523.944 990.438 582.332
931.007 523.827 989.441 582.261
930.023 523.652 988.481 582.109
929.070 523.416 987.540 581.886
928.128 523.129 986.607 581.608
927.191 522.806 985.678 581.294
926.257 522.468 984.753 580.964
925.328 522.132 983.832 580.636
924.405 521.816 982.916 580.326
923.489 521.539 982.005 580.056
922.577 521.322 981.104 579.849
921.669 521.187 980.221 579.739
920.764 521.156 979.371 579.762
919.863 521.247 978.567 579.951
918.965 521.465 977.823 580.323
918.072 521.801 977.141 580.871
917.184 522.235 976.516 581.567
916.301 522.735 975.934 582.368
915.424 523.269 975.379 583.224
914.551 523.803 974.830 584.081
913.683 524.300 974.268 584.884
912.820 524.728 973.672 585.580
911.961 525.060 973.022 586.121
911.109 525.284 972.297 586.472
910.265 525.407 971.481 586.622
909.434 525.455 970.562 586.582
908.616 525.461 969.537 586.382
907.810 525.452 968.414 586.057
907.015 525.445 967.211 585.641
906.225 525.444 965.949 585.168
905.436 525.447 964.657 584.668
904.644 525.454 963.363 584.173
903.843 525.463 962.096 583.716
903.030 525.472 960.883 583.325
902.198 525.479 959.741 583.023
901.341 525.481 958.676 582.816
900.454 525.468 957.681 582.695
899.532 525.429 956.735 582.633
898.573 525.357 955.815 582.599
897.580 525.248 954.901 582.569
896.559 525.107 953.984 582.532
895.519 524.942 953.063 582.486
894.471 524.765 952.143 582.437
893.428 524.587 951.233 582.393
892.400 524.420 950.344 582.364
891.398 524.274 949.484 582.360
890.427 524.160 948.659 582.393
889.481 524.087 947.867 582.474
888.543 524.062 947.098 582.617
887.590 524.086 946.337 582.833
886.605 524.156 945.572 583.123
885.585 524.266 944.801 583.482
884.544 524.405 944.035 583.896
883.509 524.564 943.290 584.345
882.510 524.733 942.588 584.811
881.583 524.903 941.950 585.271
880.760 525.065 941.399 585.704
880.076 525.210 940.951 586.085
879.559 525.325 940.616 586.382
879.234 525.396 940.396 586.558
879.114 525.407 940.274 586.567
879.198 525.343 940.226 586.372
879.471 525.199 940.223 585.951
879.911 524.977 940.246 585.312
880.492 524.691 940.288 584.487
881.186 524.359 940.357 583.530
881.966 524.004 940.467 582.505
882.802 523.648 940.634 581.480
883.666 523.315 940.875 580.524
884.531 523.028 941.204 579.700
885.381 522.803 941.637 579.059
886.213 522.649 942.192 578.628
887.050 522.562 942.891 578.404
887.927 522.525 943.756 578.354
888.876 522.517 944.791 578.431
889.908 522.519 945.981 578.592
891.009 522.522 947.289 578.802
892.144 522.520 948.666 579.043
893.268 522.516 950.056 579.304
894.331 522.511 951.400 579.580
895.282 522.506 952.642 579.866
896.076 522.504 953.730 580.158
896.674 522.501 954.624 580.451
897.059 522.493 955.309 580.743
897.241 522.469 955.804 581.033
897.254 522.421 956.157 581.324
897.149 522.340 956.426 581.618
896.970 522.224 956.661 581.915
896.752 522.078 956.889 582.214
896.514 521.910 957.116 582.512
896.270 521.732 957.337 582.799
896.030 521.554 957.543 583.067
895.807 521.390 957.723 583.306
895.615 521.250 957.872 583.507
895.464 521.142 957.989 583.667
895.362 521.070 958.075 583.784
895.308 521.032 958.139 583.863
895.295 521.020 958.187 583.911
895.313 521.021 958.230 583.939
895.353 521.029 958.279 583.955
895.414 521.038 958.344 583.968
895.492 521.046 958.428 583.981
895.580 521.053 958.524 583.996
895.660 521.057 958.615 584.011
895.710 521.055 958.677 584.022
895.718 521.048 958.699 584.029
895.719 521.039 958.717 584.037
895.821 521.045 958.842 584.066
896.221 521.093 959.275 584.147
897.173 521.216 960.273 584.317
898.890 521.440 962.055 584.605
901.471 521.772 964.720 585.020
904.887 522.200 968.237 585.550
909.011 522.697 972.480 586.167
913.669 523.231 977.271 586.834
918.670 523.765 982.417 587.512
923.826 524.263 987.725 588.162
928.970 524.693 993.026 588.749
933.970 525.027 998.188 589.244
938.761 525.245 1003.145 589.629
943.363 525.346 1007.921 589.903
947.873 525.340 1012.616 590.083
952.408 525.249 1017.354 590.194
957.050 525.093 1022.215 590.258
961.818 524.889 1027.219 590.291
966.676 524.648 1032.329 590.301
971.561 524.375 1037.476 590.291
976.395 524.081 1042.578 590.264
981.102 523.771 1047.554 590.222
985.615 523.453 1052.332 590.170
989.879 523.130 1056.858 590.109
993.865 522.797 1061.103 590.034
997.576 522.437 1065.075 589.935
1001.046 522.028 1068.815 589.797
1004.324 521.555 1072.377 589.607
1007.458 521.011 1075.809 589.363
1010.478 520.410 1079.139 589.070
1013.401 519.771 1082.373 588.743
1016.231 519.124 1085.508 588.401
1018.968 518.499 1088.531 588.061
1021.614 517.928 1091.431 587.744
1024.174 517.438 1094.202 587.466
1026.665 517.054 1096.852 587.241
1029.121 516.783 1099.409 587.071
1031.590 516.619 1101.919 586.948
1034.119 516.534 1104.433 586.849
1036.735 516.497 1106.987 586.749
1039.431 516.479 1109.581 586.629
1042.159 516.463 1112.179 586.484
1044.851 516.442 1114.725 586.316
1047.432 516.418 1117.150 586.137
1049.820 516.400 1119.384 585.963
1051.940 516.395 1121.358 585.813
1053.712 516.405 1123.004 585.698
1055.055 516.416 1124.249 585.609
1055.889 516.380 1125.020 585.511
1056.141 516.222 1125.252 585.332
1055.769 515.847 1124.904 584.982
1054.768 515.184 1123.971 584.387
1053.181 514.211 1122.491 583.521
1051.086 512.962 1120.533 582.409
1048.579 511.509 1118.184 581.114
1045.763 509.945 1115.536 579.717
1042.745 508.369 1112.684 578.308
1039.629 506.881 1109.723 576.975
1036.519 505.575 1106.745 575.800
1033.505 504.521 1103.833 574.849
1030.651 503.754 1101.049 574.151
1027.979 503.257 1098.415 573.693
1025.467 502.964 1095.916 573.413
1023.061 502.792 1093.506 573.237
1020.705 502.672 1091.135 573.102
1018.353 502.567 1088.762 572.976
1015.971 502.463 1086.359 572.851
1013.539 502.358 1083.909 572.727
1011.039 502.247 1081.397 572.604
1008.453 502.122 1078.808 572.477
1005.762 501.982 1076.121 572.341
1002.944 501.854 1073.300 572.210
999.976 501.814 1070.299 572.137
996.841 502.002 1067.058 572.219
993.523 502.584 1063.518 572.578
990.015 503.689 1059.639 573.312
986.317 505.355 1055.408 574.446
982.431 507.517 1050.846 575.931
978.368 510.040 1045.997 577.669
974.138 512.752 1040.924 579.538
969.758 515.464 1035.699 581.405
965.246 517.988 1030.397 583.140
960.609 520.151 1025.081 584.622
955.839 521.817 1019.784 585.761
950.891 522.921 1014.492 586.522
945.686 523.501 1009.136 586.951
940.127 523.684 1003.607 587.164
934.148 523.639 997.812 587.303
927.742 523.504 991.709 587.471
920.970 523.362 985.324 587.716
913.937 523.240 978.730 588.033
906.771 523.137 972.027 588.392
899.607 523.040 965.326 588.758
892.580 522.940 958.737 589.096
885.819 522.833 952.361 589.376
879.439 522.723 946.283 589.567
873.526 522.610 940.553 589.637
868.116 522.493 935.174 589.552
863.186 522.370 930.096 589.281
858.666 522.236 925.241 588.811
854.466 522.089 920.529 588.151
850.496 521.932 915.898 587.334
846.675 521.769 911.311 586.405
842.932 521.607 906.746 585.421
839.201 521.454 902.190 584.443
835.418 521.316 897.630 583.529
831.510 521.202 893.048 582.740
827.402 521.116 888.415 582.129
823.014 521.060 883.692 581.738
818.272 521.031 878.835 581.594
813.130 521.021 873.808 581.699
807.582 521.021 868.594 582.034
801.667 521.025 863.204 582.562
795.462 521.029 857.673 583.240
789.061 521.032 852.048 584.018
782.569 521.032 846.380 584.843
776.091 521.031 840.723 585.663
769.735 521.028 835.133 586.426
763.604 521.023 829.662 587.082
757.785 521.018 824.357 587.590
752.333 521.018 819.240 587.925
747.255 521.031 814.308 588.084
742.507 521.069 809.525 588.087
738.020 521.140 804.845 587.965
733.725 521.247 800.234 587.756
729.577 521.385 795.682 587.489
725.548 521.545 791.193 587.190
721.623 521.718 786.784 586.878
717.792 521.892 782.474 586.574
714.044 522.059 778.280 586.295
710.365 522.207 774.216 586.058
706.747 522.324 770.298 585.876
703.187 522.396 766.544 585.753
699.697 522.408 762.972 585.682
696.294 522.345 759.598 585.649
692.993 522.202 756.424 585.634
689.796 521.984 753.434 585.622
686.691 521.703 750.595 585.607
683.654 521.379 747.861 585.586
680.657 521.033 745.184 585.560
677.669 520.685 742.514 585.530
674.661 520.355 739.804 585.499
671.602 520.065 737.005 585.468
668.462 519.835 734.068 585.441
665.213 519.691 730.947 585.425
661.830 519.655 727.608 585.433
658.300 519.745 724.031 585.475
654.624 519.963 720.221 585.560
650.819 520.300 716.205 585.687
646.914 520.734 712.031 585.850
642.946 521.234 707.751 586.039
638.951 521.767 703.426 586.242
634.969 522.299 699.115 586.445
631.039 522.794 694.881 586.636
627.199 523.221 690.778 586.801
623.479 523.551 686.855 586.928
619.900 523.769 683.140 587.009
616.463 523.877 679.635 587.048
613.150 523.891 676.313 587.055
609.935 523.841 673.138 587.044
606.795 523.750 670.073 587.028
603.716 523.636 667.093 587.013
600.693 523.508 664.188 587.003
597.725 523.370 661.351 586.995
594.815 523.223 658.582 586.990
591.965 523.072 655.881 586.988
589.176 522.920 653.248 586.992
586.446 522.772 650.681 587.007
583.772 522.631 648.186 587.044
581.150 522.499 645.767 587.117
578.572 522.378 643.431 587.236
576.035 522.264 641.183 587.411
573.536 522.154 639.024 587.642
571.076 522.045 636.951 587.920
568.659 521.934 634.956 588.231
566.292 521.820 633.030 588.558
563.983 521.701 631.163 588.881
561.742 521.578 629.346 589.183
559.573 521.448 627.568 589.443
557.473 521.306 625.815 589.647
555.424 521.141 624.061 589.778
553.389 520.937 622.275 589.823
551.328 520.676 620.426 589.773
549.211 520.346 618.496 589.631
547.037 519.947 616.495 589.406
544.836 519.491 614.460 589.116
542.659 519.000 612.442 588.783
540.571 518.496 610.504 588.429
538.643 518.008 608.712 588.078
536.946 517.563 607.134 587.751
535.548 517.186 605.833 587.471
534.495 516.896 604.854 587.254
533.797 516.701 604.206 587.110
533.410 516.592 603.850 587.032
533.247 516.547 603.703 587.004
533.205 516.538 603.668 587.001
533.203 516.540 603.669 587.007
533.198 516.542 603.666 587.011
533.176 516.539 603.647 587.010
533.142 516.531 603.617 587.006
533.106 516.523 603.585 587.001
533.075 516.515 603.558 586.998
533.052 516.510 603.539 586.997
533.036 516.506 603.527 586.998
533.027 516.504 603.523 587.000
533.025 516.504 603.526 587.005
533.033 516.505 603.539 587.011
533.055 516.508 603.567 587.020
533.097 516.515 603.615 587.034
533.164 516.526 603.689 587.052
533.255 516.541 603.788 587.074
533.363 516.559 603.902 587.098
533.466 516.574 604.009 587.117
533.539 516.581 604.083 587.126
533.568 516.579 604.112 587.123
533.588 516.574 604.135 587.121
533.716 516.594 604.278 587.156
534.169 516.684 604.772 587.287
535.227 516.903 605.911 587.587
537.135 517.296 607.951 588.112
540.018 517.880 611.021 588.882
543.865 518.638 615.103 589.876
548.563 519.533 620.074 591.044
553.945 520.513 625.754 592.321
559.825 521.521 631.941 593.638
566.019 522.504 638.439 594.923
572.368 523.410 645.063 596.105
578.757 524.199 651.670 597.112
585.153 524.852 658.181 597.880
591.625 525.374 664.613 598.361
598.326 525.795 671.065 598.533
605.422 526.156 677.668 598.402
613.015 526.489 684.522 597.996
621.118 526.809 691.672 597.363
629.673 527.119 699.116 596.562
638.577 527.412 706.827 595.662
647.714 527.678 714.771 594.736
656.968 527.911 722.915 593.858
666.238 528.103 731.232 593.097
675.452 528.247 739.708 592.502
684.583 528.333 748.346 592.095
693.661 528.348 757.174 591.860
702.763 528.281 766.232 591.750
711.968 528.124 775.547 591.704
721.320 527.879 785.110 591.669
730.812 527.555 794.869 591.612
740.395 527.165 804.747 591.516
750.000 526.727 814.651 591.379
759.546 526.258 824.491 591.203
768.956 525.777 834.174 590.995
778.158 525.301 843.616 590.759
787.088 524.842 852.743 590.497
795.702 524.409 861.505 590.212
803.983 524.001 869.886 589.905
811.948 523.611 877.912 589.576
819.635 523.227 885.634 589.227
827.094 522.842 893.114 588.862
834.368 522.450 900.404 588.486
841.498 522.055 907.547 588.104
848.513 521.660 914.576 587.722
855.444 521.269 921.516 587.341
862.319 520.890 928.395 586.967
869.170 520.526 935.248 586.604
876.034 520.179 942.121 586.266
882.952 519.848 949.077 585.973
889.964 519.528 956.186 585.750
897.097 519.212 963.508 585.623
904.356 518.893 971.073 585.610
911.717 518.570 978.864 585.717
919.132 518.244 986.820 585.932
926.541 517.924 994.852 586.235
933.874 517.617 1002.852 586.596
941.058 517.334 1010.703 586.980
948.018 517.086 1018.288 587.355
954.687 516.880 1025.495 587.689
961.013 516.724 1032.239 587.950
966.981 516.620 1038.477 588.115
972.622 516.560 1044.225 588.163
978.006 516.534 1049.557 588.085
983.210 516.526 1054.565 587.880
988.285 516.525 1059.325 587.565
993.241 516.524 1063.878 587.160
998.058 516.520 1068.235 586.697
1002.695 516.516 1072.384 586.206
1007.100 516.511 1076.308 585.718
1011.226 516.507 1079.986 585.267
1015.030 516.505 1083.403 584.879
1018.484 516.502 1086.557 584.576
1021.590 516.493 1089.464 584.368
1024.385 516.470 1092.166 584.251
1026.936 516.422 1094.722 584.208
1029.316 516.342 1097.191 584.217
1031.574 516.228 1099.605 584.259
1033.732 516.085 1101.969 584.321
1035.786 515.921 1104.266 584.401
1037.717 515.747 1106.467 584.497
1039.501 515.573 1108.539 584.611
1041.115 515.410 1110.450 584.745
1042.540 515.268 1112.176 584.904
1043.768 515.157 1113.705 585.094
1044.806 515.086 1115.049 585.329
1045.682 515.062 1116.244 585.624
1046.441 515.088 1117.348 585.995
1047.126 515.161 1118.415 586.451
1047.768 515.275 1119.480 586.987
1048.380 515.421 1120.548 587.589
1048.958 515.589 1121.601 588.232
1049.492 515.766 1122.609 588.884
1049.966 515.943 1123.534 589.511
1050.369 516.108 1124.339 590.078
1050.688 516.249 1124.994 590.555
1050.919 516.358 1125.479 590.918
1051.064 516.430 1125.793 591.159
1051.137 516.469 1125.958 591.291
1051.158 516.482 1126.015 591.339
1051.152 516.481 1126.008 591.337
1051.135 516.476 1125.974 591.315
1051.115 516.471 1125.934 591.291
1051.095 516.468 1125.899 591.272
1051.076 516.467 1125.873 591.264
1051.063 516.468 1125.861 591.267
1051.061 516.470 1125.872 591.281
1051.072 516.474 1125.903 591.305
1051.087 516.478 1125.933 591.324
1051.070 516.479 1125.906 591.315
1050.959 516.469 1125.726 591.236
1050.676 516.442 1125.277 591.043
1050.152 516.389 1124.462 590.699
1049.360 516.307 1123.245 590.192
1048.312 516.198 1121.649 589.535
1047.050 516.065 1119.749 588.764
1045.632 515.916 1117.644 587.928
1044.122 515.757 1115.446 587.081
1042.580 515.595 1113.265 586.279
1041.064 515.435 1111.200 585.571
1039.620 515.283 1109.332 584.994
1038.277 515.139 1107.705 584.566
1037.039 515.001 1106.320 584.282
1035.885 514.864 1105.133 584.112
1034.782 514.723 1104.079 584.019
1033.702 514.575 1103.096 583.969
1032.628 514.422 1102.145 583.939
1031.554 514.268 1101.202 583.916
1030.482 514.117 1100.263 583.898
1029.418 513.975 1099.328 583.885
1028.365 513.845 1098.398 583.879
1027.326 513.734 1097.470 583.879
1026.301 513.648 1096.534 583.881
1025.287 513.597 1095.570 583.880
1024.278 513.591 1094.556 583.870
1023.268 513.644 1093.467 583.843
1022.251 513.762 1092.284 583.795
1021.228 513.945 1091.007 583.724
1020.204 514.185 1089.647 583.628
1019.188 514.469 1088.228 583.510
1018.188 514.783 1086.782 583.377
1017.216 515.110 1085.340 583.234
1016.283 515.435 1083.936 583.088
1015.399 515.742 1082.601 582.943
1014.572 516.019 1081.355 582.803
1013.808 516.261 1080.212 582.665
1013.106 516.469 1079.167 582.531
1012.461 516.652 1078.205 582.396
1011.863 516.822 1077.303 582.262
1011.304 516.986 1076.443 582.125
1010.775 517.148 1075.614 581.988
1010.269 517.308 1074.812 581.851
1009.783 517.460 1074.040 581.716
1009.311 517.599 1073.300 581.588
1008.849 517.721 1072.597 581.469
1008.391 517.820 1071.938 581.366
1007.934 517.894 1071.328 581.288
1007.475 517.943 1070.779 581.246
1007.015 517.970 1070.303 581.257
1006.557 517.981 1069.915 581.339
1006.104 517.985 1069.625 581.505
1005.659 517.985 1069.431 581.757
1005.221 517.986 1069.324 582.089
1004.789 517.988 1069.286 582.485
1004.362 517.991 1069.297 582.926
1003.937 517.993 1069.332 583.389
1003.512 517.996 1069.370 583.854
1003.086 517.998 1069.390 584.301
1002.654 517.999 1069.373 584.718
1002.206 517.999 1069.306 585.099
1001.731 518.000 1069.178 585.446
1001.216 518.000 1068.987 585.770
1000.654 518.000 1068.739 586.084
1000.049 518.000 1068.446 586.397
999.412 518.000 1068.123 586.711
998.765 518.000 1067.787 587.022
998.131 518.000 1067.453 587.322
997.534 518.000 1067.136 587.602
997.002 518.000 1066.850 587.848
996.559 518.000 1066.612 588.053
996.222 518.000 1066.431 588.209
995.997 518.000 1066.315 588.318
995.872 518.000 1066.256 588.384
995.819 518.000 1066.238 588.419
995.806 518.000 1066.240 588.435
995.806 518.000 1066.248 588.442
995.805 518.000 1066.253 588.448
995.799 518.000 1066.254 588.455
995.788 518.000 1066.252 588.464
995.777 518.000 1066.250 588.473
995.767 518.000 1066.248 588.481
995.760 518.000 1066.248 588.488
995.756 518.000 1066.248 588.492
995.753 518.000 1066.248 588.495
995.752 518.000 1066.248 588.496
995.751 518.000 1066.248 588.496
995.751 518.000 1066.247 588.496
995.751 518.000 1066.247 588.496
995.751 518.000 1066.246 588.496
995.750 518.000 1066.246 588.496
995.750 518.000 1066.246 588.496
995.750 518.000 1066.245 588.496
995.750 518.000 1066.245 588.496
995.749 518.000 1066.245 588.496
995.749 518.000 1066.245 588.497
995.749 518.000 1066.246 588.497
995.748 518.000 1066.245 588.497
995.747 518.001 1066.243 588.496
995.745 518.001 1066.238 588.494
995.741 518.002 1066.229 588.490
995.735 518.004 1066.216 588.485
995.726 518.007 1066.199 588.479
995.716 518.009 1066.180 588.474
995.707 518.012 1066.163 588.468
995.702 518.012 1066.153 588.463
995.702 518.011 1066.149 588.458
995.703 518.010 1066.144 588.451
995.691 518.013 1066.116 588.438
995.644 518.030 1066.029 588.416
995.530 518.070 1065.839 588.380
995.325 518.143 1065.508 588.326
995.019 518.248 1065.021 588.251
994.617 518.383 1064.388 588.154
994.138 518.539 1063.634 588.035
993.604 518.706 1062.797 587.899
993.041 518.876 1061.919 587.754
992.475 519.040 1061.040 587.605
991.929 519.188 1060.198 587.458
991.419 519.307 1059.420 587.308
990.955 519.378 1058.719 587.142
990.531 519.375 1058.088 586.932
990.132 519.272 1057.506 586.646
989.740 519.054 1056.944 586.258
989.344 518.721 1056.385 585.762
988.942 518.291 1055.823 585.171
988.543 517.790 1055.267 584.515
988.156 517.254 1054.732 583.829
987.798 516.717 1054.236 583.155
987.483 516.216 1053.801 582.534
987.223 515.784 1053.441 582.003
987.027 515.448 1053.170 581.591
986.898 515.220 1052.988 581.311
986.826 515.093 1052.884 581.152
986.795 515.041 1052.837 581.083
986.787 515.031 1052.821 581.065
986.786 515.036 1052.816 581.066
986.785 515.040 1052.812 581.067
986.780 515.037 1052.803 581.060
986.774 515.030 1052.792 581.049
986.767 515.021 1052.781 581.035
986.761 515.013 1052.771 581.023
986.756 515.007 1052.763 581.014
986.753 515.004 1052.758 581.008
986.752 515.002 1052.755 581.005
986.751 515.001 1052.753 581.003
986.751 515.001 1052.752 581.003
986.751 515.001 1052.752 581.002
986.751 515.001 1052.752 581.002
986.751 515.001 1052.752 581.002
986.751 515.001 1052.751 581.002
986.750 515.000 1052.751 581.001
986.750 515.000 1052.751 581.001
986.750 515.000 1052.751 581.001
986.750 515.000 1052.750 581.000
986.750 515.000 1052.750 581.000
986.750 515.000 1052.750 581.000
986.750 515.000 1052.750 581.000
986.750 515.000 1052.750 581.000
986.750 515.000 1052.750 581.000
986.750 515.000 1052.750 581.000
986.750 515.000 1052.750 581.000
986.750 515.000 1052.750 581.000
986.750 515.000 1052.750 581.000
986.750 515.000 1052.750 581.000
986.750 515.000 1052.750 581.000
986.750 515.000 1052.750 581.000
986.750 515.000 1052.750 581.000
986.750 515.000 1052.750 581.000
986.750 515.000 1052.750 581.000
986.750 515.000 1052.750 581.000
986.750 515.000 1052.750 581.000
986.750 515.000 1052.750 581.000
986.750 515.000 1052.750 581.000
986.750 515.000 1052.750 581.000
986.750 515.000 1052.750 581.000
986.750 515.000 1052.750 581.000
986.750 515.000 1052.750 581.000
986.750 515.000 1052.750 581.000
986.750 515.000 1052.750 581.000
986.750 515.000 1052.750 581.000
986.750 515.000 1052.750 581.000
986.750 515.000 1052.750 581.000
986.750 515.000 1052.750 581.000
986.750 515.000 1052.750 581.000
986.750 515.000 1052.750 581.000
986.750 515.000 1052.750 581.000
986.750 515.000 1052.750 581.000
986.750 515.000 1052.750 581.000
986.750 515.000 1052.750 581.000
986.750 515.000 1052.750 581.000
986.750 515.000 1052.750 581.000
986.750 515.000 1052.750 581.000
986.750 515.000 1052.750 581.000
986.750 515.000 1052.750 581.000
986.750 515.000 1052.750 581.000
986.750 515.000 1052.750 581.000
986.750 515.000 1052.750 581.000
986.750 515.000 1052.750 581.000
986.750 515.000 1052.750 581.000
986.750 515.000 1052.750 581.000
986.750 515.000 1052.750 581.000
986.750 515.000 1052.750 581.000
986.750 515.000 1052.750 581.000
986.750 515.000 1052.750 581.000
986.750 515.000 1052.750 581.000
986.750 515.000 1052.750 581.000
986.750 515.000 1052.750 581.000
986.750 515.000 1052.751 581.001
986.750 515.000 1052.751 581.001
986.750 515.000 1052.751 581.002
986.750 515.000 1052.752 581.002
986.750 515.000 1052.752 581.003
986.750 515.000 1052.753 581.003
986.749 515.000 1052.753 581.004
986.749 515.000 1052.753 581.004
986.749 515.000 1052.753 581.004
986.749 515.000 1052.754 581.005
986.749 515.001 1052.756 581.008
986.748 515.001 1052.760 581.013
986.746 515.002 1052.766 581.022
986.744 515.004 1052.774 581.035
986.740 515.007 1052.782 581.050
986.735 515.010 1052.791 581.066
986.731 515.012 1052.797 581.078
986.730 515.013 1052.802 581.085
986.732 515.012 1052.805 581.086
986.734 515.011 1052.813 581.090
986.729 515.014 1052.833 581.118
986.703 515.031 1052.875 581.203
986.640 515.073 1052.948 581.382
986.527 515.149 1053.061 581.683
986.359 515.261 1053.216 582.117
986.144 515.404 1053.410 582.670
985.894 515.571 1053.634 583.312
985.625 515.750 1053.875 584.000
985.356 515.929 1054.116 584.688
985.106 516.096 1054.340 585.330
984.891 516.239 1054.534 585.883
984.723 516.351 1054.689 586.317
984.610 516.427 1054.802 586.618
984.547 516.469 1054.875 586.797
984.521 516.486 1054.917 586.882
984.516 516.489 1054.937 586.910
984.518 516.488 1054.945 586.914
984.520 516.487 1054.948 586.915
984.519 516.488 1054.953 586.922
984.515 516.490 1054.959 586.934
984.510 516.493 1054.968 586.950
984.506 516.496 1054.976 586.965
984.504 516.498 1054.984 586.978
984.502 516.499 1054.990 586.987
984.501 516.499 1054.994 586.992
984.501 516.500 1054.996 586.995
984.501 516.500 1054.997 586.996
984.501 516.500 1054.997 586.996
984.501 516.500 1054.997 586.996
984.500 516.500 1054.997 586.997
984.500 516.500 1054.998 586.997
984.500 516.500 1054.998 586.998
984.500 516.500 1054.999 586.998
984.500 516.500 1054.999 586.999
984.500 516.500 1054.999 586.999
984.500 516.500 1055.000 587.000
984.500 516.500 1055.000 587.000
984.500 516.500 1055.000 587.000
984.500 516.500 1055.000 587.000
984.500 516.500 1055.000 587.000
984.500 516.500 1055.000 587.000
984.500 516.500 1055.000 587.000
984.500 516.500 1055.000 587.000
984.500 516.500 1055.000 587.000
984.500 516.500 1055.000 587.000
984.500 516.500 1055.000 587.000
984.500 516.500 1055.000 587.000
984.500 516.500 1055.000 587.000
984.500 516.500 1055.000 587.000
984.500 516.500 1055.000 587.000
984.500 516.500 1055.000 587.000
984.500 516.500 1055.000 587.000
984.500 516.500 1055.000 587.000
984.500 516.500 1055.000 587.000
984.500 516.500 1055.000 587.000
984.500 516.500 1055.000 587.000
984.500 516.500 1055.000 587.000
984.500 516.500 1055.000 587.000
984.500 516.500 1055.000 587.000
984.500 516.500 1055.000 587.000
984.500 516.500 1055.000 587.000
984.500 516.500 1055.000 587.000
984.500 516.500 1055.000 587.000
984.500 516.500 1055.000 587.000
984.500 516.500 1055.000 587.000
984.500 516.500 1055.000 587.000
984.500 516.500 1055.000 587.000
984.500 516.500 1055.000 587.000
984.500 516.500 1055.000 587.000
984.500 516.500 1055.000 587.000
984.500 516.500 1055.000 587.000
984.500 516.500 1055.000 587.000
984.500 516.500 1055.000 587.000
984.500 516.500 1055.000 587.000
984.500 516.500 1055.000 587.000
984.500 516.500 1055.000 587.000
984.500 516.500 1055.000 587.000
984.500 516.500 1055.000 587.000
984.500 516.500 1055.000 587.000
984.500 516.500 1055.000 587.000
984.500 516.500 1055.000 587.000
984.500 516.500 1055.000 587.000
984.500 516.500 1055.000 587.000
984.500 516.500 1055.000 587.000
984.500 516.500 1055.000 587.000
984.500 516.500 1055.000 587.000
984.500 516.500 1055.000 587.000
984.500 516.500 1055.000 587.000
984.500 516.500 1055.000 587.000
984.500 516.500 1055.000 587.000
984.500 516.500 1055.000 587.000
984.500 516.500 1055.000 587.000
984.500 516.500 1055.000 587.000
984.500 516.500 1055.000 587.000
984.500 516.500 1055.000 587.000
984.500 516.500 1055.000 587.000
984.500 516.500 1055.000 587.000
984.500 516.500 1055.000 587.000
984.500 516.500 1055.000 587.000
984.500 516.500 1055.000 587.000
984.500 516.500 1055.000 587.000
984.500 516.500 1055.000 587.000
984.500 516.500 1055.000 587.000
984.500 516.500 1055.000 587.000
984.500 516.500 1055.000 587.000
984.500 516.500 1055.000 587.000
984.500 516.500 1055.000 587.000
984.500 516.500 1055.000 587.000
984.500 516.500 1055.000 587.000
984.500 516.500 1055.000 587.000
984.500 516.500 1055.000 587.000
984.500 516.500 1055.000 587.000
984.500 516.500 1055.000 587.000
984.500 516.500 1055.000 587.000
984.500 516.500 1055.000 587.000
984.500 516.500 1055.000 587.000
984.500 516.500 1055.000 587.000
984.500 516.500 1055.000 587.000
984.500 516.500 1055.000 587.000
984.500 516.500 1055.000 587.000
984.500 516.500 1055.000 587.000
984.500 516.500 1055.000 587.000
984.500 516.500 1055.000 587.000
984.500 516.500 1055.000 587.000
984.500 516.500 1055.000 587.000
984.500 516.500 1055.000 587.000
984.500 516.500 1055.000 587.000
984.500 516.500 1055.000 587.000
984.500 516.500 1055.000 587.000
984.500 516.500 1055.000 587.000
984.500 516.500 1055.000 587.000
984.500 516.500 1055.000 587.000
984.500 516.500 1055.000 587.000
984.500 516.500 1055.000 587.000
984.500 516.500 1055.000 587.000
984.500 516.500 1055.000 587.000
984.500 516.500 1055.000 587.000
984.500 516.500 1055.000 587.000
984.500 516.500 1055.000 587.000
984.500 516.500 1055.000 587.000
984.500 516.500 1055.000 587.000
984.500 516.500 1055.000 587.000
984.500 516.500 1055.000 587.000
984.500 516.500 1055.000 587.000
984.500 516.500 1055.000 587.000
984.500 516.500 1055.000 587.000
984.500 516.500 1055.000 587.000
984.500 516.500 1055.000 587.000
984.500 516.500 1055.000 587.000
984.500 516.500 1055.000 587.000
984.500 516.500 1055.000 587.000
984.500 516.500 1055.000 587.000
984.500 516.500 1055.000 587.000
984.500 516.500 1055.000 587.000
984.500 516.500 1055.000 587.000
984.500 516.500 1055.000 587.000
984.500 516.500 1055.000 587.000
984.500 516.500 1055.000 587.000
984.500 516.500 1055.000 587.000
984.500 516.500 1055.000 587.000
984.500 516.500 1055.000 587.000
984.500 516.500 1055.000 587.000
984.500 516.500 1055.000 587.000
984.500 516.500 1055.000 587.000
984.500 516.500 1055.000 587.000
984.500 516.500 1055.000 587.000
984.500 516.500 1055.000 587.000
984.500 516.500 1055.000 587.000
984.500 516.500 1055.000 587.000
984.500 516.500 1055.000 587.000
984.500 516.500 1055.000 587.000
984.500 516.500 1055.000 587.000
984.500 516.500 1055.000 587.000
984.500 516.500 1055.000 587.000
984.500 516.500 1055.000 587.000
984.500 516.500 1055.000 587.000
984.500 516.500 1055.000 587.000
984.500 516.500 1055.000 587.000
984.500 516.500 1055.000 587.000
984.500 516.500 1055.000 587.000
984.500 516.500 1055.000 587.000
984.500 516.500 1055.000 587.000
984.500 516.500 1055.000 587.000
984.500 516.500 1055.000 587.000
984.500 516.500 1055.000 587.000
984.500 516.500 1055.000 587.000
984.500 516.500 1055.000 587.000
984.500 516.500 1055.000 587.000
984.500 516.500 1055.000 587.000
984.500 516.500 1055.000 587.000
984.500 516.500 1055.000 587.000
984.500 516.500 1055.000 587.000
984.500 516.500 1055.000 587.000
984.500 516.500 1055.000 587.000
984.500 516.500 1055.000 587.000
984.500 516.500 1055.000 587.000
984.500 516.500 1055.000 587.000
984.500 516.500 1055.000 587.000
984.500 516.500 1055.000 587.000
984.500 516.500 1055.000 587.000
984.500 516.500 1055.000 587.000
984.500 516.500 1055.000 587.000
984.500 516.500 1055.000 587.000
984.500 516.500 1055.000 587.000
984.500 516.500 1055.000 587.000
984.500 516.500 1055.000 587.000
984.500 516.500 1055.000 587.000
984.500 516.500 1055.000 587.000
984.500 516.500 1055.000 587.000
984.500 516.500 1055.000 587.000
984.500 516.500 1055.000 587.000
984.500 516.500 1055.000 587.000
984.500 516.500 1055.000 587.000
984.500 516.500 1055.000 587.000
984.500 516.500 1055.000 587.000
984.500 516.500 1055.000 587.000
984.500 516.500 1055.000 587.000
984.500 516.500 1055.000 587.000
984.500 516.500 1055.000 587.000
984.500 516.500 1055.000 587.000
984.500 516.500 1055.000 587.000
984.500 516.500 1055.000 587.000
984.500 516.500 1055.000 587.000
984.500 516.500 1055.000 587.000
984.500 516.500 1055.000 587.000
984.500 516.500 1055.000 587.000
984.500 516.500 1055.000 587.000
984.500 516.500 1055.000 587.000
984.500 516.500 1055.000 587.000
984.500 516.500 1055.000 587.000
