1048.257 538.999 1105.258 596.001
1048.255 539.000 1105.257 596.001
1048.260 538.999 1105.263 596.002
1048.271 538.998 1105.276 596.004
1048.289 538.996 1105.298 596.005
1048.313 538.993 1105.326 596.007
1048.340 538.990 1105.358 596.008
1048.365 538.988 1105.386 596.009
1048.378 538.987 1105.401 596.010
1048.378 538.988 1105.402 596.012
1048.375 538.990 1105.401 596.015
1048.407 538.987 1105.440 596.020
1048.539 538.970 1105.595 596.025
1048.856 538.928 1105.956 596.029
1049.425 538.855 1106.599 596.029
1050.274 538.747 1107.553 596.026
1051.385 538.608 1108.798 596.021
1052.709 538.448 1110.276 596.015
1054.178 538.276 1111.910 596.009
1055.718 538.103 1113.617 596.002
1057.258 537.938 1115.314 595.994
1058.731 537.791 1116.923 595.983
1060.087 537.675 1118.384 595.972
1061.303 537.604 1119.667 595.968
1062.388 537.593 1120.776 595.980
1063.386 537.656 1121.751 596.021
1064.346 537.801 1122.645 596.100
1065.301 538.021 1123.497 596.217
1066.258 538.305 1124.322 596.369
1067.204 538.633 1125.115 596.545
1068.111 538.983 1125.861 596.733
1068.951 539.335 1126.539 596.923
1069.696 539.665 1127.132 597.102
1070.318 539.954 1127.622 597.258
1070.787 540.181 1127.988 597.381
1071.074 540.325 1128.209 597.461
1071.146 540.375 1128.259 597.488
1070.985 540.326 1128.121 597.462
1070.587 540.181 1127.790 597.384
1069.975 539.955 1127.283 597.264
1069.189 539.666 1126.633 597.110
1068.282 539.333 1125.883 596.934
1067.314 538.980 1125.081 596.748
1066.347 538.628 1124.280 596.561
1065.444 538.300 1123.532 596.387
1064.666 538.016 1122.887 596.237
1064.060 537.796 1122.386 596.121
1063.649 537.645 1122.048 596.045
1063.419 537.562 1121.863 596.006
1063.325 537.527 1121.791 595.994
1063.307 537.521 1121.781 595.995
1063.315 537.524 1121.792 596.000
1063.322 537.526 1121.799 596.003
1063.317 537.524 1121.796 596.003
1063.304 537.520 1121.786 596.002
1063.288 537.514 1121.774 596.000
1063.273 537.508 1121.763 595.999
1063.263 537.505 1121.756 595.998
1063.256 537.502 1121.753 595.998
1063.253 537.501 1121.751 595.999
1063.252 537.501 1121.751 595.999
1063.252 537.501 1121.751 595.999
1063.252 537.501 1121.751 596.000
1063.252 537.501 1121.751 596.000
1063.252 537.501 1121.751 596.000
1063.251 537.500 1121.750 596.000
1063.251 537.500 1121.750 596.000
1063.251 537.500 1121.750 596.000
1063.250 537.500 1121.750 596.000
1063.250 537.500 1121.750 596.000
1063.250 537.500 1121.750 596.000
1063.250 537.500 1121.750 596.000
1063.250 537.500 1121.750 596.000
1063.250 537.500 1121.750 596.000
1063.250 537.500 1121.750 596.000
1063.250 537.500 1121.750 596.000
1063.250 537.500 1121.750 596.000
1063.250 537.500 1121.750 596.000
1063.250 537.500 1121.750 596.000
1063.250 537.500 1121.750 596.000
1063.250 537.500 1121.750 596.000
1063.250 537.500 1121.750 596.000
1063.250 537.500 1121.750 596.000
1063.250 537.500 1121.750 596.000
1063.250 537.500 1121.750 596.000
1063.250 537.500 1121.750 596.000
1063.250 537.500 1121.750 596.000
1063.250 537.500 1121.750 596.000
1063.250 537.500 1121.750 596.000
1063.250 537.500 1121.750 596.000
1063.250 537.500 1121.750 596.000
1063.250 537.500 1121.750 596.000
1063.250 537.500 1121.750 596.000
1063.250 537.500 1121.750 596.000
1063.250 537.500 1121.750 596.000
1063.250 537.500 1121.750 596.000
1063.250 537.500 1121.750 596.000
1063.250 537.500 1121.750 596.000
1063.250 537.500 1121.750 596.000
1063.250 537.500 1121.750 596.000
1063.250 537.500 1121.750 596.000
1063.250 537.500 1121.750 596.000
1063.250 537.500 1121.750 596.000
1063.250 537.500 1121.750 596.000
1063.250 537.500 1121.750 596.000
1063.250 537.500 1121.750 596.000
1063.250 537.500 1121.750 596.000
1063.250 537.500 1121.750 596.000
1063.250 537.500 1121.750 596.000
1063.250 537.500 1121.750 596.000
1063.250 537.500 1121.750 596.000
1063.250 537.500 1121.750 596.000
1063.250 537.500 1121.751 596.001
1063.250 537.500 1121.751 596.001
1063.250 537.500 1121.751 596.001
1063.250 537.500 1121.752 596.002
1063.250 537.500 1121.752 596.002
1063.250 537.500 1121.752 596.002
1063.250 537.500 1121.753 596.002
1063.250 537.500 1121.753 596.003
1063.250 537.500 1121.753 596.003
1063.250 537.500 1121.755 596.005
1063.251 537.500 1121.759 596.008
1063.251 537.500 1121.764 596.013
1063.252 537.500 1121.772 596.020
1063.253 537.500 1121.782 596.029
1063.255 537.500 1121.792 596.037
1063.256 537.500 1121.800 596.044
1063.257 537.500 1121.804 596.048
1063.256 537.500 1121.805 596.049
1063.255 537.500 1121.808 596.053
1063.257 537.500 1121.826 596.069
1063.266 537.500 1121.880 596.114
1063.287 537.500 1121.992 596.206
1063.324 537.500 1122.181 596.356
1063.380 537.500 1122.451 596.571
1063.452 537.500 1122.796 596.844
1063.535 537.500 1123.196 597.161
1063.625 537.500 1123.625 597.500
1063.715 537.500 1124.054 597.839
1063.798 537.500 1124.454 598.156
1063.870 537.500 1124.799 598.429
1063.926 537.500 1125.069 598.644
1063.963 537.500 1125.258 598.794
1063.984 537.500 1125.370 598.886
1063.993 537.500 1125.424 598.931
1063.995 537.500 1125.442 598.947
1063.994 537.500 1125.445 598.951
1063.993 537.500 1125.446 598.952
1063.994 537.500 1125.450 598.956
1063.995 537.500 1125.458 598.963
1063.997 537.500 1125.468 598.971
1063.998 537.500 1125.478 598.980
1063.999 537.500 1125.486 598.987
1063.999 537.500 1125.491 598.992
1064.000 537.500 1125.495 598.995
1064.000 537.500 1125.497 598.997
1064.000 537.500 1125.497 598.997
1064.000 537.500 1125.497 598.998
1064.000 537.500 1125.498 598.998
1064.000 537.500 1125.498 598.998
1064.000 537.500 1125.498 598.998
1064.000 537.500 1125.499 598.999
1064.000 537.500 1125.499 598.999
1064.000 537.500 1125.499 598.999
1064.000 537.500 1125.500 599.000
1064.000 537.500 1125.500 599.000
1064.000 537.500 1125.500 599.000
1064.000 537.500 1125.500 599.000
1064.000 537.500 1125.500 599.000
1064.000 537.500 1125.500 599.000
1064.000 537.500 1125.500 599.000
1064.000 537.500 1125.500 599.000
1064.000 537.500 1125.500 599.000
1064.000 537.500 1125.500 599.000
1064.000 537.500 1125.500 599.000
1064.000 537.500 1125.500 599.000
1064.000 537.500 1125.500 599.000
1064.000 537.500 1125.500 599.000
1064.000 537.500 1125.500 599.000
1064.000 537.500 1125.500 599.000
1064.000 537.500 1125.500 599.000
1064.000 537.500 1125.500 599.000
1064.000 537.500 1125.500 599.000
1064.000 537.500 1125.500 599.000
1064.000 537.500 1125.500 599.000
1064.000 537.500 1125.500 599.000
1064.000 537.500 1125.500 599.000
1064.000 537.500 1125.500 599.000
1064.000 537.500 1125.500 599.000
1064.000 537.500 1125.500 599.000
1064.000 537.500 1125.500 599.000
1064.000 537.500 1125.500 599.000
1064.000 537.500 1125.500 599.000
1064.000 537.500 1125.500 599.000
1064.000 537.500 1125.500 599.000
1064.000 537.500 1125.500 599.000
1064.000 537.500 1125.500 599.000
1064.000 537.500 1125.500 599.000
1064.000 537.500 1125.500 599.000
1064.000 537.500 1125.500 599.000
1064.000 537.500 1125.500 599.000
1064.000 537.500 1125.500 599.000
1064.000 537.500 1125.500 599.000
1064.000 537.500 1125.500 599.000
1064.000 537.500 1125.500 599.000
1064.000 537.500 1125.500 599.000
1064.000 537.500 1125.500 599.000
1064.000 537.500 1125.500 599.000
1064.000 537.500 1125.500 599.000
1064.000 537.500 1125.500 599.000
1064.000 537.500 1125.500 599.000
1064.000 537.500 1125.500 599.000
1064.000 537.500 1125.500 599.000
1064.000 537.500 1125.500 599.000
1064.000 537.500 1125.500 599.000
1064.000 537.500 1125.500 599.000
1064.000 537.500 1125.500 599.000
1064.000 537.500 1125.500 599.000
1064.000 537.500 1125.500 599.000
1064.000 537.500 1125.500 599.000
1064.000 537.500 1125.500 599.000
1064.000 537.500 1125.500 599.000
1064.000 537.500 1125.500 599.000
1064.000 537.500 1125.500 599.000
1064.000 537.500 1125.500 599.000
1064.000 537.500 1125.500 599.000
1064.000 537.500 1125.500 599.000
1064.000 537.500 1125.500 599.000
1064.000 537.500 1125.500 599.000
1064.000 537.500 1125.500 599.000
1064.000 537.500 1125.500 599.000
1063.999 537.500 1125.500 599.000
1063.999 537.500 1125.499 599.000
1063.999 537.500 1125.499 599.000
1063.998 537.500 1125.499 599.000
1063.998 537.500 1125.498 599.000
1063.997 537.500 1125.498 599.001
1063.997 537.500 1125.498 599.001
1063.997 537.500 1125.498 599.001
1063.996 537.500 1125.497 599.001
1063.994 537.499 1125.496 599.001
1063.989 537.499 1125.492 599.002
1063.980 537.498 1125.485 599.003
1063.967 537.496 1125.475 599.004
1063.949 537.494 1125.460 599.004
1063.928 537.491 1125.441 599.005
1063.906 537.489 1125.422 599.005
1063.889 537.488 1125.406 599.006
1063.878 537.490 1125.396 599.008
1063.869 537.491 1125.390 599.011
1063.844 537.488 1125.371 599.015
1063.765 537.471 1125.311 599.017
1063.585 537.433 1125.166 599.013
1063.258 537.365 1124.894 599.001
1062.755 537.266 1124.468 598.979
1062.067 537.142 1123.877 598.951
1061.205 536.998 1123.128 598.921
1060.190 536.844 1122.239 598.893
1059.052 536.684 1121.238 598.871
1057.822 536.524 1120.153 598.855
1056.524 536.370 1118.995 598.841
1055.151 536.241 1117.735 598.825
1053.650 536.172 1116.279 598.801
1051.908 536.218 1114.458 598.768
1049.777 536.439 1112.065 598.727
1047.123 536.878 1108.924 598.679
1043.880 537.543 1104.957 598.620
1040.056 538.405 1100.199 598.547
1035.720 539.408 1094.770 598.459
1030.967 540.484 1088.841 598.357
1025.911 541.560 1082.600 598.249
1020.661 542.564 1076.239 598.143
1015.310 543.427 1069.927 598.044
1009.920 544.094 1063.791 597.965
1004.494 544.534 1057.880 597.920
998.966 544.752 1052.152 597.938
993.219 544.786 1046.483 598.050
987.142 544.691 1040.732 598.282
980.685 544.518 1034.804 598.637
973.875 544.299 1028.673 599.098
966.799 544.052 1022.372 599.626
959.575 543.783 1015.968 600.176
952.335 543.496 1009.542 600.703
945.212 543.198 1003.174 601.161
938.324 542.895 996.941 601.511
931.765 542.591 990.900 601.726
925.580 542.284 985.082 601.786
919.749 541.966 979.475 601.693
914.194 541.621 974.033 601.459
908.822 541.236 968.701 601.115
903.563 540.807 963.449 600.692
898.394 540.341 958.278 600.224
893.332 539.855 953.217 599.740
888.416 539.369 948.310 599.264
883.698 538.906 943.608 598.815
879.231 538.488 939.159 598.416
875.056 538.138 935.004 598.086
871.194 537.870 931.166 597.842
867.631 537.691 927.634 597.694
864.309 537.591 924.359 597.641
861.144 537.550 921.262 597.667
858.058 537.540 918.268 597.750
855.011 537.541 915.341 597.871
852.013 537.541 912.485 598.013
849.112 537.536 909.742 598.166
846.379 537.529 907.173 598.323
843.891 537.520 904.847 598.476
841.730 537.513 902.834 598.617
839.967 537.507 901.199 598.739
838.650 537.504 899.981 598.835
837.780 537.502 899.181 598.903
837.298 537.501 898.740 598.944
837.090 537.501 898.554 598.965
837.030 537.501 898.502 598.973
837.018 537.501 898.493 598.976
837.003 537.501 898.479 598.977
836.968 537.501 898.446 598.979
836.919 537.500 898.401 598.982
836.869 537.500 898.355 598.986
836.826 537.500 898.316 598.990
836.795 537.500 898.288 598.994
836.775 537.500 898.271 598.996
836.764 537.500 898.261 598.998
836.759 537.500 898.257 598.998
836.757 537.500 898.256 598.999
836.757 537.500 898.255 598.999
836.756 537.500 898.255 598.999
836.755 537.500 898.254 598.999
836.754 537.500 898.253 598.999
836.753 537.500 898.252 598.999
836.752 537.500 898.252 599.000
836.751 537.500 898.251 599.000
836.751 537.500 898.251 599.000
836.750 537.500 898.250 599.000
836.750 537.500 898.250 599.000
836.750 537.500 898.250 599.000
836.750 537.500 898.250 599.000
836.750 537.500 898.250 599.000
836.750 537.500 898.250 599.000
836.750 537.500 898.250 599.000
836.750 537.500 898.250 599.000
836.750 537.500 898.250 599.000
836.750 537.500 898.250 599.000
836.750 537.500 898.250 599.000
836.750 537.500 898.250 599.000
836.750 537.500 898.250 599.000
836.750 537.500 898.250 599.000
836.750 537.500 898.250 599.000
836.750 537.500 898.250 599.000
836.750 537.500 898.250 599.000
836.750 537.500 898.250 599.000
836.750 537.500 898.250 599.000
836.750 537.500 898.250 599.000
836.750 537.500 898.250 599.000
836.750 537.500 898.250 599.000
836.750 537.500 898.250 599.000
836.750 537.500 898.250 599.000
836.750 537.500 898.250 599.000
836.750 537.500 898.250 599.000
836.750 537.500 898.250 599.000
836.750 537.500 898.250 599.000
836.750 537.500 898.250 599.000
836.750 537.500 898.250 599.000
836.750 537.500 898.250 599.000
836.750 537.500 898.250 599.000
836.750 537.500 898.250 599.000
836.750 537.500 898.250 599.000
836.750 537.500 898.250 599.000
836.750 537.500 898.250 599.000
836.750 537.500 898.250 599.000
836.750 537.500 898.250 599.000
836.750 537.500 898.250 599.000
836.750 537.500 898.250 599.000
836.750 537.500 898.250 599.000
836.750 537.500 898.250 599.000
836.750 537.500 898.250 599.000
836.750 537.500 898.250 599.000
836.750 537.500 898.250 599.000
836.750 537.500 898.250 599.000
836.750 537.500 898.250 599.000
836.750 537.500 898.250 599.000
836.750 537.500 898.250 599.000
836.750 537.500 898.250 599.000
836.750 537.500 898.250 599.000
836.750 537.500 898.250 599.000
836.750 537.500 898.250 599.000
836.750 537.500 898.250 599.000
836.750 537.500 898.250 599.000
836.750 537.500 898.250 599.000
836.750 537.500 898.250 599.000
836.750 537.500 898.250 599.000
836.750 537.500 898.250 599.000
836.750 537.500 898.250 599.000
836.750 537.500 898.250 599.000
836.750 537.500 898.250 599.000
836.750 537.500 898.250 599.000
836.750 537.500 898.250 599.000
836.750 537.500 898.250 599.000
836.750 537.500 898.250 599.000
836.750 537.500 898.250 599.000
836.750 537.500 898.250 599.000
836.750 537.500 898.250 599.000
836.750 537.500 898.250 599.000
836.750 537.500 898.250 599.000
836.750 537.500 898.250 599.000
836.750 537.500 898.250 599.000
836.750 537.500 898.250 599.000
836.750 537.500 898.250 599.000
836.750 537.500 898.250 599.000
836.750 537.500 898.250 599.000
836.750 537.500 898.249 599.000
836.749 537.500 898.249 599.000
836.749 537.500 898.249 599.000
836.749 537.500 898.248 599.000
836.748 537.500 898.247 598.999
836.748 537.500 898.247 598.999
836.747 537.500 898.246 598.999
836.747 537.500 898.246 598.999
836.747 537.500 898.246 598.999
836.747 537.500 898.245 598.999
836.745 537.501 898.243 598.998
836.741 537.501 898.237 598.997
836.731 537.502 898.225 598.996
836.716 537.504 898.206 598.995
836.695 537.507 898.181 598.993
836.671 537.510 898.153 598.992
836.651 537.512 898.130 598.991
836.645 537.513 898.122 598.990
836.654 537.512 898.131 598.989
836.667 537.511 898.141 598.986
836.640 537.514 898.107 598.981
836.502 537.531 897.947 598.975
836.166 537.573 897.565 598.972
835.562 537.648 896.887 598.973
834.672 537.758 895.892 598.978
833.528 537.900 894.615 598.987
832.201 538.066 893.133 598.998
830.779 538.243 891.546 599.010
829.359 538.422 889.958 599.021
828.034 538.588 888.477 599.031
826.893 538.733 887.200 599.040
826.009 538.846 886.211 599.048
825.428 538.924 885.563 599.059
825.155 538.969 885.266 599.080
825.151 538.989 885.283 599.121
825.359 538.995 885.553 599.190
825.723 538.995 886.016 599.288
826.204 538.995 886.623 599.414
826.781 538.997 887.345 599.561
827.441 539.000 888.160 599.719
828.172 539.003 889.048 599.879
828.960 539.006 889.985 600.031
829.793 539.007 890.951 600.165
830.668 539.009 891.929 600.271
831.603 539.014 892.927 600.338
832.643 539.030 893.973 600.360
833.853 539.064 895.122 600.332
835.291 539.121 896.424 600.255
836.987 539.206 897.914 600.133
838.940 539.316 899.601 599.976
841.124 539.447 901.474 599.797
843.497 539.594 903.514 599.610
846.016 539.750 905.697 599.431
848.637 539.909 908.003 599.275
851.320 540.066 910.411 599.157
854.034 540.217 912.905 599.088
856.764 540.361 915.475 599.072
859.515 540.500 918.125 599.110
862.310 540.639 920.865 599.194
865.182 540.784 923.712 599.314
868.157 540.936 926.677 599.456
871.252 541.094 929.766 599.608
874.471 541.255 932.978 599.763
877.808 541.413 936.308 599.912
881.258 541.560 939.750 600.052
884.813 541.692 943.299 600.178
888.470 541.801 946.950 600.281
892.232 541.884 950.702 600.354
896.117 541.939 954.562 600.384
900.157 541.970 958.547 600.359
904.388 541.982 962.677 600.271
908.839 541.985 966.968 600.114
913.516 541.985 971.424 599.893
918.403 541.985 976.035 599.617
923.469 541.986 980.785 599.302
928.672 541.987 985.652 598.968
933.969 541.990 990.614 598.635
939.317 541.992 995.652 598.327
944.677 541.994 1000.745 598.063
950.014 541.996 1005.877 597.859
955.308 541.998 1011.036 597.726
960.555 542.000 1016.220 597.665
965.771 542.002 1021.438 597.668
970.980 542.004 1026.700 597.724
976.204 542.006 1032.014 597.816
981.454 542.008 1037.379 597.932
986.735 542.010 1042.788 598.064
992.043 542.013 1048.233 598.203
997.371 542.015 1053.702 598.345
1002.711 542.015 1059.180 598.484
1008.060 542.013 1064.657 598.610
1013.426 542.011 1070.126 598.710
1018.836 542.014 1075.587 598.765
1024.333 542.031 1081.054 598.751
1029.966 542.073 1086.542 598.649
1035.765 542.148 1092.061 598.444
1041.723 542.258 1097.602 598.137
1047.799 542.400 1103.139 597.739
1053.922 542.564 1108.633 597.274
1060.007 542.740 1114.040 596.773
1065.957 542.917 1119.312 596.271
1071.679 543.083 1124.399 595.803
1077.086 543.227 1129.259 595.401
1082.122 543.340 1133.871 595.090
1086.787 543.413 1138.257 594.883
1091.146 543.438 1142.489 594.780
1095.319 543.413 1146.672 594.766
1099.419 543.340 1150.899 594.820
1103.503 543.227 1155.197 594.921
1107.556 543.082 1159.523 595.049
1111.507 542.916 1163.783 595.192
1115.252 542.740 1167.850 595.338
1118.673 542.564 1171.589 595.480
1121.653 542.399 1174.863 595.610
1124.084 542.258 1177.548 595.722
1125.885 542.147 1179.549 595.812
1127.025 542.073 1180.831 595.879
1127.543 542.031 1181.435 595.923
1127.546 542.014 1181.481 595.949
1127.173 542.011 1181.123 595.961
1126.548 542.012 1180.501 595.965
1125.757 542.014 1179.710 595.966
1124.855 542.013 1178.809 595.967
1123.875 542.011 1177.834 595.970
1122.845 542.008 1176.811 595.974
1121.797 542.006 1175.771 595.979
1120.767 542.004 1174.748 595.985
1119.787 542.003 1173.775 595.990
1118.877 542.002 1172.870 595.995
1118.038 542.002 1172.036 596.000
1117.251 542.002 1171.254 596.005
1116.491 542.004 1170.499 596.012
1115.737 542.007 1169.749 596.019
1114.980 542.013 1168.997 596.030
1114.224 542.021 1168.245 596.042
1113.479 542.030 1167.503 596.054
1112.757 542.037 1166.783 596.064
1112.072 542.040 1166.098 596.067
1111.434 542.037 1165.460 596.062
1110.851 542.032 1164.877 596.059
1110.321 542.042 1164.356 596.076
1109.839 542.094 1163.896 596.151
1109.388 542.221 1163.492 596.324
1108.956 542.448 1163.136 596.629
1108.533 542.784 1162.824 597.074
1108.120 543.216 1162.549 597.645
1107.721 543.718 1162.311 598.308
1107.345 544.257 1162.106 599.018
1107.003 544.795 1161.935 599.727
1106.705 545.296 1161.795 600.386
1106.460 545.726 1161.685 600.951
1106.275 546.059 1161.604 601.389
1106.149 546.283 1161.549 601.683
1106.075 546.406 1161.515 601.845
1106.039 546.453 1161.494 601.908
1106.025 546.459 1161.479 601.913
1106.020 546.450 1161.466 601.896
1106.015 546.443 1161.451 601.879
1106.008 546.442 1161.436 601.869
1106.000 546.446 1161.422 601.868
1105.992 546.453 1161.413 601.873
1105.987 546.460 1161.411 601.883
1105.985 546.467 1161.414 601.896
1105.982 546.472 1161.415 601.906
1105.967 546.474 1161.392 601.899
1105.925 546.468 1161.312 601.855
1105.833 546.447 1161.137 601.751
1105.676 546.406 1160.837 601.566
1105.448 546.339 1160.401 601.293
1105.152 546.246 1159.841 600.935
1104.803 546.130 1159.183 600.510
1104.417 545.993 1158.465 600.041
1104.014 545.841 1157.728 599.555
1103.612 545.680 1157.011 599.079
1103.229 545.514 1156.354 598.640
1102.876 545.340 1155.789 598.253
1102.561 545.146 1155.338 597.922
1102.281 544.906 1155.010 597.635
1102.025 544.592 1154.797 597.365
1101.779 544.182 1154.681 597.084
1101.534 543.670 1154.642 596.778
1101.290 543.071 1154.663 596.444
1101.048 542.414 1154.727 596.093
1100.816 541.734 1154.822 595.740
1100.603 541.070 1154.936 595.403
1100.417 540.460 1155.058 595.101
1100.266 539.942 1155.177 594.853
1100.155 539.543 1155.283 594.671
1100.083 539.273 1155.372 594.562
1100.046 539.123 1155.440 594.517
1100.035 539.061 1155.488 594.514
1100.036 539.048 1155.520 594.532
1100.043 539.051 1155.542 594.551
1100.050 539.053 1155.560 594.564
1100.056 539.049 1155.576 594.569
1100.060 539.039 1155.591 594.570
1100.061 539.027 1155.601 594.567
1100.058 539.016 1155.603 594.562
1100.049 539.009 1155.599 594.559
1100.039 539.005 1155.599 594.564
1100.041 539.002 1155.633 594.594
1100.079 539.002 1155.748 594.671
1100.180 539.002 1155.997 594.819
1100.366 539.002 1156.422 595.058
1100.645 539.002 1157.035 595.392
1101.005 539.003 1157.814 595.812
1101.425 539.003 1158.716 596.293
1101.876 539.003 1159.679 596.806
1102.326 539.003 1160.639 597.316
1102.745 539.004 1161.528 597.786
1103.104 539.004 1162.288 598.188
1103.381 539.004 1162.875 598.497
1103.565 539.003 1163.268 598.707
1103.662 539.003 1163.482 598.823
1103.692 539.005 1163.556 598.869
1103.680 539.009 1163.544 598.873
1103.648 539.018 1163.490 598.860
1103.605 539.034 1163.421 598.849
1103.557 539.055 1163.349 598.848
1103.506 539.079 1163.285 598.858
1103.460 539.098 1163.237 598.876
1103.430 539.105 1163.218 598.893
1103.423 539.096 1163.229 598.902
1103.421 539.084 1163.241 598.903
1103.365 539.110 1163.165 598.911
1103.143 539.248 1162.852 598.957
1102.612 539.586 1162.111 599.085
1101.643 540.192 1160.779 599.327
1100.167 541.084 1158.775 599.692
1098.187 542.232 1156.115 600.160
1095.757 543.563 1152.894 600.699
1092.968 544.989 1149.252 601.273
1089.926 546.415 1145.355 601.843
1086.737 547.744 1141.367 602.375
1083.484 548.889 1137.424 602.830
1080.193 549.775 1133.590 603.173
1076.797 550.356 1129.813 603.373
1073.124 550.629 1125.911 603.415
1068.944 550.630 1121.617 603.303
1064.075 550.424 1116.706 603.056
1058.481 550.072 1111.103 602.694
1052.284 549.621 1104.903 602.240
1045.725 549.100 1098.335 601.710
1039.110 548.530 1091.703 601.122
1032.774 547.928 1085.345 600.499
1027.055 547.311 1079.604 599.861
1022.265 546.700 1074.797 599.232
1018.642 546.109 1071.161 598.629
1016.273 545.544 1068.786 598.057
1015.049 544.997 1067.559 597.506
1014.672 544.446 1067.182 596.956
1014.777 543.873 1067.289 596.385
1015.067 543.268 1067.582 595.783
1015.374 542.636 1067.893 595.155
1015.642 541.993 1068.164 594.515
1015.879 541.361 1068.405 593.887
1016.110 540.768 1068.638 593.297
1016.355 540.240 1068.885 592.769
1016.622 539.800 1069.150 592.329
1016.910 539.467 1069.439 591.996
1017.229 539.245 1069.765 591.781
1017.598 539.121 1070.155 591.679
1018.047 539.069 1070.650 591.671
1018.601 539.056 1071.278 591.733
1019.264 539.056 1072.048 591.839
1020.020 539.055 1072.940 591.975
1020.838 539.048 1073.916 592.126
1021.675 539.038 1074.923 592.286
1022.487 539.027 1075.905 592.445
1023.229 539.017 1076.806 592.594
1023.857 539.010 1077.571 592.723
1024.340 539.005 1078.162 592.827
1024.666 539.003 1078.563 592.900
1024.847 539.002 1078.789 592.945
1024.922 539.002 1078.887 592.967
1024.938 539.001 1078.912 592.975
1024.935 539.001 1078.910 592.977
1024.933 539.001 1078.909 592.977
1024.939 539.001 1078.917 592.979
1024.951 539.001 1078.933 592.982
1024.966 539.000 1078.952 592.986
1024.979 539.000 1078.969 592.990
1024.988 539.000 1078.981 592.994
1024.994 539.000 1078.990 592.996
1024.997 539.000 1078.994 592.998
1024.998 539.000 1078.996 592.998
1024.998 539.000 1078.997 592.999
1024.998 539.000 1078.997 592.999
1024.998 539.000 1078.997 592.999
1024.999 539.000 1078.998 592.999
1024.999 539.000 1078.998 592.999
1024.999 539.000 1078.999 592.999
1024.999 539.000 1078.999 593.000
1025.000 539.000 1078.999 593.000
1025.000 539.000 1079.000 593.000
1025.000 539.000 1079.000 593.000
1025.000 539.000 1079.000 593.000
1025.000 539.000 1079.000 593.000
1025.000 539.000 1079.000 593.000
1025.000 539.000 1079.000 593.000
1025.000 539.000 1079.000 593.000
1025.000 539.000 1079.000 593.000
1025.000 539.000 1079.000 593.000
1025.000 539.000 1079.000 593.000
1025.000 539.000 1079.000 593.000
1025.000 539.000 1079.000 593.000
1025.000 539.000 1079.000 593.000
1025.000 539.000 1079.000 593.000
1025.000 539.000 1079.000 593.000
1025.000 539.000 1079.000 593.000
1025.000 539.000 1079.000 593.000
1025.000 539.000 1079.000 593.000
1025.000 539.000 1079.000 593.000
1025.000 539.000 1079.000 593.000
1025.000 539.000 1078.999 593.000
1025.000 539.000 1078.999 592.999
1025.000 539.000 1078.999 592.999
1024.999 539.000 1078.998 592.999
1024.999 539.000 1078.998 592.999
1024.999 539.000 1078.998 592.999
1024.999 539.000 1078.998 592.999
1024.999 539.000 1078.998 592.998
1024.999 539.000 1078.996 592.998
1024.998 539.000 1078.994 592.996
1024.995 539.000 1078.989 592.993
1024.991 539.000 1078.981 592.990
1024.986 539.000 1078.972 592.986
1024.980 539.000 1078.961 592.981
1024.975 539.000 1078.953 592.978
1024.973 539.000 1078.950 592.976
1024.976 539.000 1078.951 592.975
1024.979 539.000 1078.952 592.974
1024.972 539.000 1078.937 592.965
1024.938 539.000 1078.880 592.943
1024.853 539.000 1078.751 592.897
1024.702 539.000 1078.524 592.822
1024.479 539.000 1078.193 592.714
1024.192 539.000 1077.770 592.578
1023.858 539.000 1077.278 592.420
1023.500 539.000 1076.750 592.250
1023.142 539.000 1076.222 592.080
1022.808 539.000 1075.730 591.922
1022.521 539.000 1075.307 591.786
1022.298 539.000 1074.976 591.678
1022.147 539.000 1074.749 591.603
1022.062 539.000 1074.620 591.557
1022.028 539.000 1074.563 591.535
1022.021 539.000 1074.548 591.526
1022.024 539.000 1074.549 591.525
1022.027 539.000 1074.550 591.524
1022.025 539.000 1074.547 591.522
1022.020 539.000 1074.539 591.519
1022.014 539.000 1074.528 591.514
1022.009 539.000 1074.519 591.510
1022.005 539.000 1074.511 591.507
1022.002 539.000 1074.506 591.504
1022.001 539.000 1074.504 591.502
1022.001 539.000 1074.502 591.502
1022.001 539.000 1074.502 591.501
1022.001 539.000 1074.502 591.501
1022.001 539.000 1074.502 591.501
1022.001 539.000 1074.502 591.501
1022.000 539.000 1074.501 591.501
1022.000 539.000 1074.501 591.501
1022.000 539.000 1074.501 591.500
1022.000 539.000 1074.500 591.500
1022.000 539.000 1074.500 591.500
1022.000 539.000 1074.500 591.500
1022.000 539.000 1074.500 591.500
1022.000 539.000 1074.500 591.500
1022.000 539.000 1074.500 591.500
1022.000 539.000 1074.500 591.500
1022.000 539.000 1074.500 591.500
1022.000 539.000 1074.500 591.500
1022.000 539.000 1074.500 591.500
1022.000 539.000 1074.500 591.500
1022.000 539.000 1074.500 591.500
1022.000 539.000 1074.500 591.500
1022.000 539.000 1074.500 591.500
1022.000 539.000 1074.500 591.500
1022.000 539.000 1074.500 591.500
1022.000 539.000 1074.500 591.500
1022.000 539.000 1074.500 591.500
1022.000 539.000 1074.500 591.500
1022.000 539.000 1074.500 591.500
1022.000 539.000 1074.500 591.500
1022.000 539.000 1074.500 591.500
1022.000 539.000 1074.500 591.500
1022.000 539.000 1074.500 591.500
1022.000 539.000 1074.500 591.500
1022.000 539.000 1074.500 591.500
1022.000 539.000 1074.500 591.500
1022.000 539.000 1074.500 591.500
1022.000 539.000 1074.500 591.500
1022.000 539.000 1074.500 591.500
1022.000 539.000 1074.500 591.500
1022.000 539.000 1074.500 591.500
1022.000 539.000 1074.500 591.500
1022.000 539.000 1074.500 591.500
1022.000 539.000 1074.500 591.500
1022.000 539.000 1074.500 591.500
1022.000 539.000 1074.500 591.500
1022.000 539.000 1074.500 591.500
1022.000 539.000 1074.500 591.500
1022.000 539.000 1074.500 591.500
1022.000 539.000 1074.500 591.500
1022.000 539.000 1074.500 591.500
1022.000 539.000 1074.500 591.500
1022.000 539.000 1074.500 591.500
1022.000 539.000 1074.500 591.500
1022.000 539.000 1074.500 591.500
1022.000 539.000 1074.500 591.500
1022.000 539.000 1074.500 591.500
1022.000 539.000 1074.500 591.500
1022.000 539.000 1074.500 591.500
1022.000 539.000 1074.500 591.500
1022.000 539.000 1074.500 591.500
1022.000 539.000 1074.500 591.500
1022.000 539.000 1074.500 591.500
1022.000 539.000 1074.500 591.500
1022.000 539.000 1074.500 591.500
1022.000 539.000 1074.500 591.500
1022.000 539.000 1074.500 591.500
1022.000 539.000 1074.500 591.500
1022.000 539.000 1074.500 591.500
1022.000 539.000 1074.500 591.500
1022.000 539.000 1074.500 591.500
1022.000 539.000 1074.500 591.500
1022.000 539.000 1074.500 591.500
1022.000 539.000 1074.500 591.500
1022.000 539.000 1074.500 591.500
1022.000 539.000 1074.500 591.500
1022.000 539.000 1074.500 591.500
1022.000 539.000 1074.500 591.500
1022.000 539.000 1074.500 591.500
1022.000 539.000 1074.500 591.500
1022.000 539.000 1074.500 591.500
1022.000 539.000 1074.500 591.500
1022.000 539.000 1074.500 591.500
1022.000 539.000 1074.500 591.500
1022.000 539.000 1074.500 591.500
1022.000 539.000 1074.500 591.500
1022.000 539.000 1074.500 591.500
1022.000 539.000 1074.500 591.500
1022.000 539.000 1074.500 591.500
1022.000 539.000 1074.500 591.500
1022.000 539.000 1074.500 591.500
1022.000 539.000 1074.500 591.500
1022.000 539.000 1074.500 591.500
1022.000 539.000 1074.500 591.500
1022.000 539.000 1074.500 591.500
1022.000 539.000 1074.500 591.500
1022.000 539.000 1074.500 591.500
1022.000 539.000 1074.500 591.500
1022.000 539.000 1074.500 591.500
1022.000 539.000 1074.500 591.500
1022.000 539.000 1074.500 591.500
1022.000 539.000 1074.500 591.500
1022.000 539.000 1074.500 591.500
1022.000 539.000 1074.500 591.500
1022.000 539.000 1074.500 591.500
1022.000 539.000 1074.500 591.500
1022.000 539.000 1074.500 591.500
1022.000 539.000 1074.500 591.500
1022.000 539.000 1074.500 591.500
1022.000 539.000 1074.500 591.500
1022.000 539.000 1074.500 591.500
1022.000 539.000 1074.500 591.500
1022.000 539.000 1074.500 591.500
1022.000 539.000 1074.500 591.500
1022.000 539.000 1074.500 591.500
1022.000 539.000 1074.500 591.500
1022.000 539.000 1074.500 591.500
1022.000 539.000 1074.500 591.500
1022.000 539.000 1074.500 591.500
1022.000 539.000 1074.500 591.500
1022.000 539.000 1074.500 591.500
1022.000 539.000 1074.500 591.500
1022.000 539.000 1074.500 591.500
1022.000 539.000 1074.500 591.500
1022.000 539.000 1074.500 591.500
1022.000 539.000 1074.500 591.500
1022.000 539.000 1074.500 591.500
1022.000 539.000 1074.500 591.500
1022.000 539.000 1074.500 591.500
1022.000 539.000 1074.500 591.500
1022.000 539.000 1074.500 591.500
1022.000 539.000 1074.500 591.500
1022.000 539.000 1074.500 591.500
1022.000 539.000 1074.500 591.500
1022.000 539.000 1074.500 591.500
1022.000 539.000 1074.500 591.500
1022.000 539.000 1074.500 591.500
1022.000 539.000 1074.500 591.500
1022.000 539.000 1074.500 591.500
1022.000 539.000 1074.500 591.500
1022.000 539.000 1074.500 591.500
1022.000 539.000 1074.500 591.500
1022.000 539.000 1074.500 591.500
1022.000 539.000 1074.500 591.500
1022.000 539.000 1074.500 591.500
1022.000 539.000 1074.500 591.500
1022.000 539.000 1074.500 591.500
1022.000 539.000 1074.500 591.500
1022.000 539.000 1074.500 591.500
1022.000 539.000 1074.500 591.500
1022.000 539.000 1074.500 591.500
1022.000 539.000 1074.500 591.500
1022.000 539.000 1074.500 591.500
1022.000 539.000 1074.500 591.500
1022.000 539.000 1074.500 591.500
1022.000 539.000 1074.500 591.500
1022.000 539.000 1074.500 591.500
1022.000 539.000 1074.500 591.500
1022.000 539.000 1074.500 591.500
1022.000 539.000 1074.500 591.500
1022.000 539.000 1074.500 591.500
1022.000 539.000 1074.500 591.500
1022.000 539.000 1074.500 591.500
1022.000 539.000 1074.500 591.500
1022.000 539.000 1074.500 591.500
1022.000 539.000 1074.500 591.500
1022.000 539.000 1074.500 591.500
1022.000 539.000 1074.500 591.500
1022.000 539.000 1074.500 591.500
1022.000 539.000 1074.500 591.500
1022.000 539.000 1074.500 591.500
1022.000 539.000 1074.500 591.500
1022.000 539.000 1074.500 591.500
1022.000 539.000 1074.500 591.500
1022.000 539.000 1074.500 591.500
1022.000 539.000 1074.500 591.500
1022.000 539.000 1074.500 591.500
1022.000 539.000 1074.500 591.500
1022.000 539.000 1074.500 591.500
1022.000 539.000 1074.500 591.500
1022.000 539.000 1074.500 591.500
1022.000 539.000 1074.500 591.500
1022.000 539.000 1074.500 591.500
1022.000 539.000 1074.500 591.500
1022.000 539.000 1074.500 591.500
1022.000 539.000 1074.500 591.500
1022.000 539.000 1074.500 591.500
1022.000 539.000 1074.500 591.500
1022.000 539.000 1074.500 591.500
1022.000 539.000 1074.500 591.500
1022.000 539.000 1074.500 591.500
1022.000 539.000 1074.500 591.500
1022.000 539.000 1074.500 591.500
1022.000 539.000 1074.500 591.500
1022.000 539.000 1074.500 591.500
1022.000 539.000 1074.500 591.500
1022.000 539.000 1074.500 591.500
1022.000 539.000 1074.500 591.500
1022.000 539.000 1074.500 591.500
1022.000 539.000 1074.500 591.500
1022.000 539.000 1074.500 591.500
1022.000 539.000 1074.500 591.500
1022.000 539.000 1074.500 591.500
1022.000 539.000 1074.500 591.500
1022.000 539.000 1074.500 591.500
1022.000 539.000 1074.500 591.500
1022.000 539.000 1074.500 591.500
1022.000 539.000 1074.500 591.500
1022.000 539.000 1074.500 591.500
1022.000 539.000 1074.500 591.500
1022.000 539.000 1074.500 591.500
1022.000 539.000 1074.500 591.500
1022.000 539.000 1074.500 591.500
1022.000 539.000 1074.500 591.500
1022.000 539.000 1074.500 591.500
1022.000 539.000 1074.500 591.500
1022.000 539.000 1074.500 591.500
1022.000 539.000 1074.500 591.500
1022.000 539.000 1074.500 591.500
1022.000 539.000 1074.500 591.500
1022.000 539.000 1074.500 591.500
1022.000 539.000 1074.500 591.500
1022.000 539.000 1074.500 591.500
1022.000 539.000 1074.500 591.500
1022.000 539.000 1074.500 591.500
1022.000 539.000 1074.500 591.500
1022.000 539.000 1074.500 591.500
1022.000 539.000 1074.500 591.500
1022.000 539.000 1074.500 591.500
1022.000 539.000 1074.500 591.500
1022.000 539.000 1074.500 591.500
1022.000 539.000 1074.500 591.500
1022.000 539.000 1074.500 591.500
1022.000 539.000 1074.500 591.500
1022.000 539.000 1074.500 591.500
1022.000 539.000 1074.500 591.500
1022.000 539.000 1074.500 591.500
1022.000 539.000 1074.500 591.500
1022.000 539.000 1074.500 591.500
1022.000 539.000 1074.500 591.500
1022.000 539.000 1074.500 591.500
1022.000 539.000 1074.500 591.500
1022.000 539.000 1074.500 591.500
1022.000 539.000 1074.500 591.500
1022.000 539.000 1074.500 591.500
1022.000 539.000 1074.500 591.500
1022.000 539.000 1074.500 591.500
1022.000 539.000 1074.500 591.500
1022.000 539.000 1074.500 591.500
1022.000 539.000 1074.500 591.500
1022.000 539.000 1074.500 591.500
1022.000 539.000 1074.500 591.500
1022.000 539.000 1074.500 591.500
1022.000 539.000 1074.500 591.500
1022.000 539.000 1074.500 591.500
1022.000 539.000 1074.500 591.500
1022.000 539.000 1074.500 591.500
1022.000 539.000 1074.500 591.500
1022.000 539.000 1074.500 591.500
1022.000 539.000 1074.500 591.500
1022.000 539.000 1074.500 591.500
1022.000 539.000 1074.500 591.500
1022.000 539.000 1074.500 591.500
1022.000 539.000 1074.500 591.500
1022.000 539.000 1074.500 591.500
1022.000 539.000 1074.500 591.500
1022.000 539.000 1074.500 591.500
1022.000 539.000 1074.500 591.500
1022.000 539.000 1074.500 591.500
1022.000 539.000 1074.500 591.500
1022.000 539.000 1074.500 591.500
1022.000 539.000 1074.500 591.500
1022.000 539.000 1074.500 591.500
1022.000 539.000 1074.500 591.500
1022.000 539.000 1074.500 591.500
1022.000 539.000 1074.500 591.500
1022.000 539.000 1074.500 591.500
1022.000 539.000 1074.500 591.500
1022.000 539.000 1074.500 591.500
1022.000 539.000 1074.500 591.500
1022.000 539.000 1074.500 591.500
1022.000 539.000 1074.500 591.500
1022.000 539.000 1074.500 591.500
1022.000 539.000 1074.500 591.500
1022.000 539.000 1074.500 591.500
1022.000 539.000 1074.500 591.500
1022.000 539.000 1074.500 591.500
1022.000 539.000 1074.500 591.500
1022.000 539.000 1074.500 591.500
1022.000 539.000 1074.500 591.500
1022.000 539.000 1074.500 591.500
1022.000 539.000 1074.500 591.500
1022.000 539.000 1074.500 591.500
1022.000 539.000 1074.500 591.500
1022.000 539.000 1074.500 591.500
1022.000 539.000 1074.500 591.500
1022.000 539.000 1074.500 591.500
1022.000 539.000 1074.500 591.500
1022.000 539.000 1074.500 591.500
1022.000 539.000 1074.500 591.500
1022.000 539.000 1074.500 591.500
1022.000 539.000 1074.500 591.500
1022.000 539.000 1074.500 591.500
1022.000 539.000 1074.500 591.500
1022.000 539.000 1074.500 591.500
1022.000 539.000 1074.500 591.500
1022.000 539.000 1074.500 591.500
1022.000 539.000 1074.500 591.500
1022.000 539.000 1074.500 591.500
1022.000 539.000 1074.500 591.500
1022.000 539.000 1074.500 591.500
1022.000 539.000 1074.500 591.500
1022.000 539.000 1074.500 591.500
1022.000 539.000 1074.500 591.500
1022.000 539.000 1074.500 591.500
1022.000 539.000 1074.500 591.500
1022.000 539.000 1074.500 591.500
1022.000 539.000 1074.500 591.500
1022.000 539.000 1074.500 591.500
1022.000 539.000 1074.500 591.500
1022.000 539.000 1074.500 591.500
1022.000 539.000 1074.500 591.500
1022.000 539.000 1074.500 591.500
1022.000 539.000 1074.500 591.500
1022.000 539.000 1074.500 591.500
1022.000 539.000 1074.500 591.500
1022.000 539.000 1074.500 591.500
1022.000 539.000 1074.500 591.500
1022.000 539.000 1074.500 591.500
1022.000 539.000 1074.500 591.500
1022.000 539.000 1074.500 591.500
1022.000 539.000 1074.500 591.500
1022.000 539.000 1074.500 591.500
1022.000 539.000 1074.500 591.500
1022.000 539.000 1074.500 591.500
1022.000 539.000 1074.500 591.500
1022.000 539.000 1074.500 591.500
1022.000 539.000 1074.500 591.500
1022.000 539.000 1074.500 591.500
1022.000 539.000 1074.500 591.500
1022.000 539.000 1074.500 591.500
1022.000 539.000 1074.500 591.500
1022.000 539.000 1074.500 591.500
1022.000 539.000 1074.500 591.500
1022.000 539.000 1074.500 591.500
1022.000 539.000 1074.500 591.500
1022.000 539.000 1074.500 591.500
1022.000 539.000 1074.500 591.500
1022.000 539.000 1074.500 591.500
1022.000 539.000 1074.500 591.500
1022.000 539.000 1074.500 591.500
1022.000 539.000 1074.500 591.500
1022.000 539.000 1074.500 591.500
1022.000 539.000 1074.500 591.500
1022.000 539.000 1074.500 591.500
1022.000 539.000 1074.500 591.500
1022.000 539.000 1074.500 591.500
1022.000 539.000 1074.500 591.500
1022.000 539.000 1074.500 591.500
1022.000 539.000 1074.500 591.500
1022.000 539.000 1074.500 591.500
1022.000 539.000 1074.500 591.500
1022.000 539.000 1074.500 591.500
1022.000 539.000 1074.500 591.500
1022.000 539.000 1074.500 591.500
1022.000 539.000 1074.500 591.500
1022.000 539.000 1074.500 591.500
1022.000 539.000 1074.500 591.500
1022.000 539.000 1074.500 591.500
1022.000 539.000 1074.500 591.500
1022.000 539.000 1074.500 591.500
1022.000 539.000 1074.500 591.500
1022.000 539.000 1074.500 591.500
1022.000 539.000 1074.500 591.500
1022.000 539.000 1074.500 591.500
1022.000 539.000 1074.500 591.500
1022.000 539.000 1074.500 591.500
1022.000 539.000 1074.500 591.500
1022.000 539.000 1074.500 591.500
1022.000 539.000 1074.500 591.500
1022.000 539.000 1074.500 591.500
1022.000 539.000 1074.500 591.500
1022.000 539.000 1074.500 591.500
1022.000 539.000 1074.500 591.500
1022.000 539.000 1074.500 591.500
1022.000 539.000 1074.500 591.500
1022.000 539.000 1074.500 591.500
1022.000 539.000 1074.500 591.500
1022.000 539.000 1074.500 591.500
1022.000 539.000 1074.501 591.500
1022.001 539.000 1074.501 591.501
1022.001 539.000 1074.502 591.501
1022.001 539.000 1074.502 591.501
1022.002 539.001 1074.503 591.502
1022.002 539.001 1074.503 591.502
1022.002 539.001 1074.503 591.502
1022.002 539.001 1074.504 591.502
1022.003 539.001 1074.505 591.503
1022.004 539.001 1074.507 591.504
1022.008 539.002 1074.512 591.506
1022.015 539.005 1074.521 591.511
1022.025 539.009 1074.535 591.518
1022.040 539.014 1074.554 591.528
1022.057 539.020 1074.575 591.538
1022.072 539.025 1074.595 591.547
1022.083 539.026 1074.608 591.552
1022.085 539.024 1074.613 591.552
1022.086 539.021 1074.618 591.552
1022.106 539.028 1074.646 591.567
1022.182 539.062 1074.739 591.620
1022.360 539.147 1074.953 591.739
1022.681 539.298 1075.332 591.949
1023.163 539.521 1075.897 592.255
1023.801 539.808 1076.642 592.649
1024.570 540.140 1077.541 593.111
1025.441 540.497 1078.555 593.611
1026.377 540.853 1079.644 594.121
1027.344 541.187 1080.767 594.610
1028.312 541.474 1081.888 595.050
1029.255 541.697 1082.978 595.420
1030.160 541.842 1084.022 595.705
1031.025 541.906 1085.022 595.903
1031.864 541.895 1085.994 596.025
1032.696 541.824 1086.962 596.090
1033.538 541.708 1087.944 596.113
1034.397 541.561 1088.947 596.111
1035.273 541.396 1089.969 596.092
1036.163 541.223 1091.001 596.062
1037.058 541.052 1092.033 596.027
1037.953 540.892 1093.053 595.992
1038.842 540.753 1094.050 595.962
1039.725 540.645 1095.016 595.936
1040.608 540.572 1095.945 595.909
1041.503 540.530 1096.837 595.864
1042.427 540.514 1097.696 595.782
1043.389 540.511 1098.525 595.647
1044.389 540.513 1099.326 595.450
1045.415 540.515 1100.096 595.195
1046.448 540.515 1100.831 594.898
1047.463 540.513 1101.525 594.575
1048.435 540.511 1102.173 594.249
1049.336 540.508 1102.768 593.941
1050.141 540.506 1103.306 593.671
1050.830 540.504 1103.787 593.460
1051.393 540.502 1104.218 593.326
1051.834 540.500 1104.618 593.284
1052.170 540.497 1105.015 593.342
1052.429 540.494 1105.436 593.502
1052.637 540.491 1105.901 593.755
1052.813 540.487 1106.415 594.088
1052.973 540.482 1106.974 594.483
1053.124 540.476 1107.567 594.919
1053.275 540.472 1108.181 595.378
1053.435 540.472 1108.803 595.840
1053.612 540.475 1109.425 596.288
1053.819 540.479 1110.045 596.704
1054.071 540.472 1110.672 597.073
1054.385 540.438 1111.326 597.379
1054.778 540.355 1112.034 597.611
1055.259 540.204 1112.819 597.765
1055.832 539.984 1113.692 597.844
1056.490 539.700 1114.650 597.860
1057.223 539.372 1115.679 597.828
1058.016 539.020 1116.759 597.763
1058.855 538.666 1117.868 597.679
1059.723 538.334 1118.979 597.590
1060.609 538.045 1120.071 597.507
1061.503 537.819 1121.121 597.437
1062.409 537.674 1122.117 597.382
1063.340 537.625 1123.052 597.337
1064.318 537.675 1123.933 597.290
1065.361 537.819 1124.770 597.229
1066.477 538.046 1125.574 597.143
1067.657 538.335 1126.351 597.029
1068.883 538.665 1127.109 596.892
1070.128 539.017 1127.852 596.741
1071.366 539.367 1128.587 596.589
1072.566 539.695 1129.319 596.448
1073.704 539.979 1130.052 596.327
1074.762 540.199 1130.790 596.228
1075.734 540.343 1131.538 596.147
1076.632 540.407 1132.300 596.075
1077.481 540.397 1133.082 595.998
1078.307 540.326 1133.884 595.902
1079.127 540.211 1134.698 595.782
1079.940 540.066 1135.509 595.635
1080.733 539.902 1136.298 595.466
1081.489 539.730 1137.043 595.285
1082.182 539.559 1137.724 595.101
1082.792 539.399 1138.321 594.929
1083.296 539.260 1138.815 594.779
1083.681 539.150 1139.193 594.662
1083.945 539.074 1139.452 594.581
1084.101 539.030 1139.605 594.535
1084.178 539.010 1139.682 594.514
1084.210 539.005 1139.714 594.508
1084.225 539.004 1139.728 594.508
1084.238 539.004 1139.741 594.507
1084.255 539.003 1139.758 594.505
1084.276 538.999 1139.778 594.501
1084.293 538.996 1139.794 594.498
1084.299 538.994 1139.800 594.496
1084.295 538.995 1139.795 594.495
1084.291 538.995 1139.792 594.495
1084.324 538.989 1139.824 594.489
1084.450 538.969 1139.951 594.469
1084.741 538.924 1140.241 594.424
1085.247 538.845 1140.748 594.345
1085.984 538.731 1141.485 594.231
1086.924 538.585 1142.425 594.086
1088.010 538.417 1143.511 593.918
1089.170 538.237 1144.671 593.739
1090.326 538.059 1145.827 593.560
1091.400 537.893 1146.902 593.395
1092.322 537.751 1147.824 593.253
1093.033 537.642 1148.535 593.145
1093.502 537.570 1149.004 593.073
1093.736 537.532 1149.239 593.035
1093.780 537.518 1149.285 593.023
1093.693 537.519 1149.201 593.027
1093.529 537.524 1149.042 593.037
1093.321 537.530 1148.841 593.050
1093.085 537.533 1148.613 593.061
1092.826 537.534 1148.363 593.071
1092.546 537.533 1148.090 593.077
1092.251 537.530 1147.799 593.077
1091.945 537.524 1147.494 593.073
1091.628 537.519 1147.181 593.072
1091.289 537.518 1146.858 593.088
1090.903 537.532 1146.518 593.146
1090.441 537.570 1146.147 593.276
1089.878 537.643 1145.734 593.500
1089.208 537.753 1145.279 593.825
1088.449 537.896 1144.793 594.241
1087.632 538.064 1144.293 594.724
1086.798 538.243 1143.798 595.243
1085.991 538.424 1143.330 595.763
1085.255 538.592 1142.911 596.248
1084.633 538.737 1142.561 596.666
1084.154 538.850 1142.298 596.993
1083.832 538.926 1142.127 597.221
1083.653 538.969 1142.039 597.354
1083.579 538.986 1142.010 597.417
1083.562 538.989 1142.010 597.437
1083.566 538.988 1142.017 597.439
1083.568 538.987 1142.020 597.439
1083.561 538.988 1142.018 597.444
1083.549 538.990 1142.012 597.454
1083.534 538.993 1142.007 597.465
1083.522 538.996 1142.002 597.476
1083.512 538.998 1142.000 597.485
1083.507 538.999 1141.999 597.491
1083.503 538.999 1141.999 597.495
1083.502 539.000 1141.999 597.496
1083.502 539.000 1141.998 597.496
1083.502 539.000 1141.998 597.496
1083.501 539.000 1141.997 597.496
1083.501 539.000 1141.997 597.495
1083.501 539.000 1141.996 597.495
1083.501 539.000 1141.996 597.495
1083.500 539.000 1141.995 597.495
1083.500 539.000 1141.995 597.495
1083.500 539.000 1141.995 597.495
1083.500 539.000 1141.995 597.495
1083.499 539.000 1141.995 597.496
1083.499 539.000 1141.994 597.495
1083.498 539.000 1141.991 597.493
1083.496 539.000 1141.985 597.489
1083.493 539.000 1141.975 597.482
1083.489 539.000 1141.960 597.472
1083.483 539.000 1141.942 597.459
1083.476 539.000 1141.923 597.447
1083.469 539.000 1141.907 597.437
1083.465 539.000 1141.897 597.432
1083.464 539.000 1141.894 597.430
1083.463 539.000 1141.888 597.424
1083.455 539.000 1141.855 597.399
1083.424 539.000 1141.758 597.333
1083.352 538.999 1141.551 597.198
1083.223 538.999 1141.200 596.976
1083.027 538.998 1140.690 596.660
1082.767 538.996 1140.031 596.260
1082.452 538.993 1139.254 595.795
1082.094 538.990 1138.399 595.296
1081.707 538.988 1137.514 594.794
1081.308 538.987 1136.645 594.324
1080.906 538.988 1135.836 593.918
1080.510 538.989 1135.124 593.603
1080.118 538.986 1134.530 593.398
1079.719 538.969 1134.062 593.312
1079.295 538.927 1133.707 593.339
1078.831 538.851 1133.444 593.465
1078.321 538.739 1133.252 593.670
1077.775 538.596 1133.113 593.934
1077.209 538.429 1133.016 594.236
1076.646 538.250 1132.952 594.556
1076.112 538.071 1132.914 594.873
1075.633 537.904 1132.897 595.168
1075.231 537.761 1132.894 595.423
1074.925 537.649 1132.903 595.626
1074.720 537.573 1132.919 595.772
1074.606 537.531 1132.940 595.864
1074.559 537.514 1132.958 595.914
1074.547 537.511 1132.971 595.935
1074.548 537.512 1132.978 595.942
1074.548 537.513 1132.979 595.945
1074.542 537.512 1132.979 595.949
1074.533 537.510 1132.980 595.956
1074.523 537.507 1132.982 595.965
1074.515 537.504 1132.986 595.975
1074.508 537.502 1132.990 595.983
1074.505 537.501 1132.993 595.990
1074.502 537.501 1132.995 595.994
1074.502 537.500 1132.997 595.996
1074.501 537.500 1132.998 595.997
1074.501 537.500 1132.998 595.997
1074.501 537.500 1132.998 595.997
1074.501 537.500 1132.998 595.997
1074.501 537.500 1132.998 595.998
1074.501 537.500 1132.999 595.998
1074.500 537.500 1132.999 595.999
1074.500 537.500 1132.999 595.999
1074.500 537.500 1133.000 595.999
1074.500 537.500 1133.000 596.000
1074.500 537.500 1133.000 596.000
1074.500 537.500 1133.000 596.000
1074.500 537.500 1133.000 596.000
1074.500 537.500 1133.000 596.000
1074.500 537.500 1133.000 596.000
1074.500 537.500 1133.000 596.000
1074.500 537.500 1133.000 596.000
1074.500 537.500 1133.000 596.000
1074.500 537.500 1133.000 596.000
1074.500 537.500 1133.000 596.000
1074.500 537.500 1133.000 596.000
1074.500 537.500 1133.000 596.000
1074.500 537.500 1133.000 596.000
1074.500 537.500 1133.000 596.000
1074.500 537.500 1133.000 596.000
1074.500 537.500 1133.000 596.000
1074.500 537.500 1133.000 596.000
1074.500 537.500 1133.000 596.000
1074.500 537.500 1133.000 596.000
1074.500 537.500 1133.000 596.000
1074.500 537.500 1133.000 596.000
1074.500 537.500 1133.000 596.000
1074.500 537.500 1133.000 596.000
1074.500 537.500 1133.000 596.000
1074.500 537.500 1133.000 596.000
1074.500 537.500 1133.000 596.000
1074.500 537.500 1133.000 596.000
1074.500 537.500 1133.000 596.000
1074.500 537.500 1133.000 596.000
1074.500 537.500 1133.000 596.000
1074.500 537.500 1133.000 596.000
1074.500 537.500 1133.000 596.000
1074.500 537.500 1133.000 596.000
1074.500 537.500 1133.000 596.000
1074.500 537.500 1133.000 596.000
1074.500 537.500 1133.000 596.000
1074.500 537.500 1133.000 596.000
1074.500 537.500 1133.000 596.000
1074.500 537.500 1133.000 596.000
1074.500 537.500 1133.000 596.000
1074.500 537.500 1133.000 596.000
1074.500 537.500 1133.000 596.000
1074.500 537.500 1133.000 596.000
1074.500 537.500 1133.000 596.000
1074.500 537.500 1133.000 596.000
1074.500 537.500 1133.000 596.000
1074.500 537.500 1133.000 596.000
1074.500 537.500 1133.000 596.000
1074.500 537.500 1133.000 596.000
1074.500 537.500 1133.000 596.000
1074.500 537.500 1133.000 596.000
1074.500 537.500 1133.000 596.000
1074.500 537.500 1133.000 596.000
1074.500 537.500 1133.000 596.000
1074.500 537.500 1133.000 596.000
1074.500 537.500 1133.000 596.000
1074.500 537.500 1133.000 596.000
1074.500 537.500 1133.000 596.000
1074.500 537.500 1133.000 596.000
1074.500 537.500 1133.000 596.000
1074.500 537.500 1133.000 596.000
1074.500 537.500 1133.000 596.000
1074.500 537.500 1133.000 596.000
1074.500 537.500 1133.000 596.000
1074.500 537.500 1133.000 596.000
1074.500 537.500 1133.000 596.000
1074.500 537.500 1133.000 596.000
1074.500 537.500 1133.000 596.000
1074.500 537.500 1133.000 596.000
1074.500 537.500 1133.000 596.000
1074.500 537.500 1133.000 596.000
1074.500 537.500 1133.000 596.000
1074.500 537.500 1133.000 596.000
1074.500 537.500 1133.000 596.000
1074.500 537.500 1133.000 596.000
1074.500 537.500 1133.000 596.000
1074.500 537.500 1133.000 596.000
1074.500 537.500 1133.000 596.000
1074.500 537.500 1133.000 596.000
1074.500 537.500 1133.000 596.000
1074.500 537.500 1133.000 596.000
1074.500 537.500 1133.000 596.000
1074.500 537.500 1133.000 596.000
1074.500 537.500 1133.000 596.000
1074.500 537.500 1133.000 596.000
1074.500 537.500 1133.000 596.000
1074.500 537.500 1133.000 596.000
1074.500 537.500 1133.000 596.000
1074.500 537.500 1133.000 596.000
1074.500 537.500 1133.000 596.000
1074.500 537.500 1133.000 596.000
1074.500 537.500 1133.000 596.000
1074.500 537.500 1133.000 596.000
1074.500 537.500 1133.000 596.000
1074.500 537.500 1133.000 596.000
1074.500 537.500 1133.000 596.000
1074.500 537.500 1133.000 596.000
1074.500 537.500 1133.000 596.000
1074.500 537.500 1133.000 596.000
1074.500 537.500 1133.000 596.000
1074.500 537.500 1133.000 596.000
1074.500 537.500 1133.000 596.000
1074.500 537.500 1133.000 596.000
1074.500 537.500 1133.000 596.000
1074.500 537.500 1133.000 596.000
1074.500 537.500 1133.000 596.000
1074.500 537.500 1133.000 596.000
1074.500 537.500 1133.000 596.000
1074.500 537.500 1133.000 596.000
1074.500 537.500 1133.000 596.000
1074.500 537.500 1133.000 596.000
1074.500 537.500 1133.000 596.000
1074.500 537.500 1133.000 596.000
1074.500 537.500 1133.000 596.000
1074.500 537.500 1133.000 596.000
1074.500 537.500 1133.000 596.000
1074.500 537.500 1133.000 596.000
1074.500 537.500 1133.000 596.000
1074.500 537.500 1133.000 596.000
1074.500 537.500 1133.000 596.000
1074.500 537.500 1133.000 596.000
1074.500 537.500 1133.000 596.000
1074.500 537.500 1133.000 596.000
1074.500 537.500 1133.000 596.000
1074.500 537.500 1133.000 596.000
1074.500 537.500 1132.999 596.000
1074.500 537.500 1132.999 596.000
1074.500 537.500 1132.999 595.999
1074.499 537.500 1132.999 595.999
1074.499 537.500 1132.998 595.999
1074.499 537.500 1132.998 595.999
1074.499 537.500 1132.998 595.999
1074.499 537.500 1132.998 595.999
1074.499 537.500 1132.997 595.999
1074.499 537.501 1132.996 595.998
1074.497 537.501 1132.993 595.997
1074.494 537.502 1132.988 595.996
1074.490 537.504 1132.979 595.994
1074.483 537.507 1132.969 595.993
1074.476 537.510 1132.957 595.991
1074.470 537.512 1132.947 595.989
1074.468 537.513 1132.941 595.986
1074.471 537.512 1132.941 595.982
1074.475 537.511 1132.941 595.977
1074.466 537.514 1132.924 595.972
1074.424 537.531 1132.865 595.973
1074.320 537.573 1132.730 595.982
1074.135 537.648 1132.492 596.005
1073.862 537.758 1132.144 596.040
1073.513 537.900 1131.695 596.083
1073.108 538.066 1131.170 596.128
1072.674 538.244 1130.598 596.168
1072.238 538.422 1130.014 596.197
1071.827 538.589 1129.447 596.208
1071.468 538.733 1128.927 596.192
1071.186 538.846 1128.482 596.142
1071.006 538.924 1128.132 596.051
1070.950 538.969 1127.893 595.912
1071.031 538.989 1127.767 595.725
1071.251 538.995 1127.750 595.494
1071.600 538.995 1127.830 595.225
1072.058 538.995 1127.992 594.929
1072.601 538.996 1128.223 594.618
1073.204 538.999 1128.510 594.306
1073.840 539.002 1128.844 594.006
1074.484 539.005 1129.214 593.735
1075.111 539.007 1129.608 593.505
1075.698 539.010 1130.015 593.327
1076.234 539.015 1130.425 593.206
1076.716 539.029 1130.830 593.143
1077.153 539.056 1131.228 593.131
1077.561 539.102 1131.621 593.161
1077.954 539.169 1132.007 593.222
1078.340 539.259 1132.389 593.308
1078.721 539.368 1132.764 593.412
1079.096 539.495 1133.132 593.531
1079.465 539.636 1133.492 593.663
1079.824 539.788 1133.843 593.807
1080.174 539.950 1134.186 593.961
1080.514 540.118 1134.520 594.125
1080.843 540.293 1134.847 594.297
1081.161 540.473 1135.165 594.477
