295.986 537.526 339.486 581.026
296.362 538.314 339.862 581.814
296.703 538.983 340.203 582.483
297.004 539.528 340.504 583.029
297.252 539.946 340.752 583.447
297.427 540.237 340.927 583.737
297.505 540.411 341.005 583.911
297.475 540.496 340.974 583.995
297.354 540.521 340.853 584.020
297.218 540.518 340.716 584.016
297.210 540.506 340.708 584.003
297.539 540.497 341.037 583.995
298.428 540.492 341.929 583.992
300.029 540.490 343.534 583.995
302.307 540.488 345.818 583.999
305.005 540.483 348.523 584.001
307.709 540.476 351.232 583.999
309.997 540.472 353.518 583.994
311.586 540.478 355.098 583.990
312.422 540.500 355.915 583.993
312.654 540.538 356.123 584.007
312.549 540.577 356.005 584.033
312.420 540.583 355.897 584.061
312.563 540.496 356.133 584.066
313.217 540.244 356.991 584.018
314.505 539.763 358.631 583.890
316.371 539.028 361.018 583.675
318.576 538.068 363.905 583.396
320.761 536.956 366.905 583.100
322.575 535.779 369.628 582.832
323.794 534.608 371.804 582.619
324.379 533.490 373.352 582.463
324.456 532.461 374.346 582.351
324.239 531.564 374.947 582.272
323.975 530.864 375.346 582.236
323.908 530.431 375.744 582.267
324.262 530.318 376.344 582.400
325.199 530.534 377.323 582.658
326.777 531.016 378.784 583.023
328.927 531.634 380.719 583.426
331.477 532.200 383.021 583.744
334.226 532.508 385.538 583.820
337.004 532.379 388.130 583.505
339.717 531.727 390.711 582.721
342.340 530.601 393.257 581.518
344.883 529.198 395.778 580.093
347.363 527.809 398.304 578.750
349.787 526.738 400.869 577.820
352.157 526.206 403.509 577.558
354.473 526.288 406.249 578.064
356.744 526.892 409.098 579.246
358.990 527.789 412.041 580.840
361.234 528.673 415.040 582.478
363.498 529.228 418.046 583.776
365.796 529.205 421.018 584.426
368.140 528.492 423.931 584.283
370.549 527.164 426.791 583.406
373.059 525.479 429.625 582.045
375.727 523.807 432.478 580.558
378.623 522.524 435.406 579.306
381.812 521.902 438.459 578.549
385.333 522.030 441.682 578.379
389.176 522.797 445.100 578.721
393.281 523.942 448.719 579.380
397.543 525.128 452.530 580.116
401.845 526.035 456.513 580.703
406.093 526.437 460.645 580.989
410.247 526.255 464.915 580.922
414.347 525.572 469.334 580.559
418.513 524.617 473.954 580.057
422.931 523.715 478.863 579.647
427.808 523.223 484.179 579.595
433.317 523.446 490.012 580.141
439.522 524.534 496.406 581.419
446.318 526.404 503.280 583.365
453.425 528.712 510.407 585.694
460.448 530.926 517.469 587.947
466.988 532.462 524.145 589.619
472.764 532.857 530.217 590.309
477.691 531.916 535.626 589.851
481.892 529.804 540.472 588.385
485.650 527.005 544.962 586.317
489.322 524.193 549.339 584.210
493.252 522.037 553.837 582.622
497.691 521.017 558.627 581.953
502.738 521.289 563.786 582.337
508.319 522.658 569.280 583.618
514.212 524.658 574.966 585.412
520.113 526.684 580.647 587.218
525.725 528.155 586.125 588.555
530.837 528.650 591.266 589.079
535.384 528.022 596.033 588.671
539.447 526.421 600.483 587.458
543.224 524.239 604.740 585.756
546.964 521.977 608.944 583.957
550.909 520.085 613.225 582.401
555.233 518.840 617.675 581.281
560.029 518.296 622.351 580.618
565.303 518.332 627.294 580.323
571.014 518.758 632.546 580.289
577.106 519.404 638.171 580.468
583.539 520.173 644.254 580.887
590.293 521.044 650.876 581.627
597.351 522.030 658.075 582.754
604.661 523.107 665.803 584.248
612.117 524.152 673.905 585.940
619.563 524.910 682.152 587.499
626.835 525.014 690.299 588.478
633.807 524.081 698.154 588.428
640.429 521.877 705.629 587.076
646.741 518.499 712.750 584.509
652.844 514.466 719.630 581.251
658.875 510.634 726.420 578.179
664.958 507.982 733.263 576.287
671.184 507.305 740.262 576.383
677.596 508.944 747.460 578.809
684.201 512.619 754.853 583.271
690.991 517.458 762.410 588.877
697.955 522.215 770.094 594.354
705.090 525.597 777.878 598.386
712.400 526.619 785.754 599.973
719.894 524.898 793.726 598.730
727.579 520.785 801.802 595.008
735.467 515.264 809.991 589.788
743.567 509.649 818.292 584.374
751.888 505.191 826.704 580.007
760.438 502.731 835.225 577.518
769.224 502.490 843.868 577.134
778.246 504.101 852.665 578.520
787.504 506.817 861.672 580.985
796.993 509.793 870.969 583.768
806.715 512.326 880.649 586.261
816.673 514.016 890.799 588.142
826.871 514.785 901.466 589.381
837.291 514.780 912.621 590.110
847.895 514.206 924.150 590.461
858.617 513.196 935.869 590.447
869.382 511.751 947.577 589.946
880.126 509.779 959.118 588.772
890.830 507.204 970.431 586.806
901.547 504.114 981.583 584.150
912.408 500.862 992.756 581.210
923.603 498.046 1004.212 578.655
935.341 496.385 1016.227 577.270
947.797 496.500 1029.019 577.723
961.052 498.675 1042.689 580.313
975.061 502.673 1057.175 584.788
989.652 507.723 1072.264 590.335
1004.570 512.700 1087.648 595.778
1019.550 516.447 1103.010 599.908
1034.384 518.106 1118.110 601.833
1048.984 517.382 1132.842 601.240
1063.399 514.612 1147.245 598.458
1077.801 510.650 1161.478 594.327
1092.439 506.608 1175.762 589.931
1107.576 503.561 1190.322 586.307
1123.412 502.271 1205.326 584.185
1139.999 502.999 1220.830 583.830
1157.175 505.454 1236.748 585.027
1174.565 508.902 1252.863 587.200
1191.663 512.377 1268.895 589.610
1207.963 514.934 1284.577 591.547
1223.111 515.889 1299.735 592.513
1236.997 515.001 1314.322 592.326
1249.785 512.525 1328.402 591.142
1261.842 509.134 1342.091 589.383
1273.636 505.717 1355.518 587.599
1285.610 503.144 1368.784 586.317
1298.075 502.030 1381.950 585.905
1311.136 502.587 1395.024 586.475
1324.682 504.595 1407.953 587.865
1338.434 507.511 1420.641 589.717
1352.046 510.667 1432.978 591.600
1365.211 513.481 1444.882 593.151
1377.728 515.604 1456.307 594.183
1389.502 516.972 1467.238 594.707
1400.490 517.721 1477.638 594.869
1410.627 518.047 1487.421 594.841
1419.814 518.092 1496.466 594.744
1427.956 517.901 1504.667 594.611
1435.020 517.434 1511.991 594.405
1441.070 516.640 1518.500 594.070
1446.263 515.531 1524.314 593.582
1450.796 514.222 1529.562 592.989
1454.857 512.906 1534.340 592.389
1458.598 511.783 1538.707 591.892
1462.115 510.982 1542.698 591.565
1465.457 510.525 1546.345 591.413
1468.649 510.346 1549.692 591.389
1471.710 510.337 1552.803 591.430
1474.675 510.403 1555.756 591.483
1477.589 510.476 1558.633 591.520
1480.483 510.525 1561.492 591.533
1483.348 510.543 1564.333 591.527
1486.101 510.537 1567.076 591.512
1488.594 510.519 1569.570 591.495
1490.661 510.500 1571.643 591.482
1492.187 510.488 1573.177 591.477
1493.166 510.486 1574.161 591.481
1493.705 510.499 1574.702 591.496
1493.962 510.523 1574.959 591.519
1494.058 510.550 1575.053 591.545
1494.004 510.562 1574.998 591.556
1493.680 510.532 1574.676 591.529
1492.875 510.430 1573.878 591.433
1491.382 510.234 1572.397 591.249
1489.118 509.953 1570.144 590.978
1486.191 509.635 1567.220 590.664
1482.866 509.373 1563.878 590.384
1479.464 509.285 1560.424 590.244
1476.254 509.483 1557.112 590.341
1473.391 510.028 1554.092 590.729
1470.939 510.891 1551.433 591.384
1468.923 511.946 1549.180 592.203
1467.360 513.014 1547.379 593.033
1466.258 513.927 1546.063 593.733
1465.590 514.588 1545.226 594.224
1465.283 514.995 1544.798 594.510
1465.223 515.206 1544.664 594.647
1465.285 515.284 1544.695 594.693
1465.345 515.239 1544.770 594.664
1465.287 515.018 1544.786 594.517
1465.013 514.524 1544.656 594.167
1464.453 513.676 1544.313 593.536
1463.591 512.486 1543.716 592.612
1462.477 511.098 1542.860 591.480
1461.215 509.764 1541.754 590.303
1459.925 508.771 1540.415 589.260
1458.710 508.343 1538.847 588.481
1457.618 508.563 1537.058 588.003
1456.637 509.342 1535.072 587.778
1455.702 510.451 1532.951 587.700
1454.717 511.587 1530.779 587.648
1453.574 512.460 1528.630 587.515
1452.177 512.870 1526.533 587.225
1450.455 512.752 1524.458 586.755
1448.371 512.185 1522.326 586.140
1445.922 511.354 1520.039 585.470
1443.116 510.482 1517.495 584.861
1439.955 509.770 1514.604 584.419
1436.429 509.345 1511.291 584.207
1432.522 509.235 1507.514 584.227
1428.231 509.380 1503.278 584.426
1423.586 509.672 1498.639 584.725
1418.642 509.991 1493.693 585.042
1413.456 510.233 1488.542 585.319
1408.080 510.332 1483.278 585.530
1402.569 510.271 1477.987 585.689
1397.008 510.073 1472.766 585.831
1391.537 509.797 1467.748 586.008
1386.325 509.508 1463.081 586.264
1381.531 509.263 1458.893 586.626
1377.251 509.093 1455.250 587.092
1373.503 508.998 1452.141 587.636
1370.248 508.959 1449.496 588.207
1367.435 508.954 1447.229 588.748
1365.027 508.969 1445.267 589.209
1363.001 509.002 1443.558 589.559
1361.339 509.067 1442.065 589.792
1359.999 509.179 1440.749 589.929
1358.907 509.352 1439.552 589.996
1357.955 509.583 1438.393 590.021
1357.014 509.863 1437.171 590.019
1355.963 510.173 1435.785 589.995
1354.708 510.497 1434.155 589.944
1353.206 510.822 1432.240 589.856
1351.475 511.134 1430.060 589.719
1349.581 511.417 1427.680 589.515
1347.616 511.653 1425.191 589.228
1345.665 511.829 1422.684 588.848
1343.789 511.942 1420.228 588.380
1342.028 511.999 1417.877 587.848
1340.420 512.018 1415.693 587.291
1339.016 512.016 1413.757 586.758
1337.876 512.007 1412.163 586.294
1337.044 511.999 1410.978 585.933
1336.521 511.994 1410.212 585.685
1336.257 511.993 1409.806 585.542
1336.172 511.995 1409.655 585.478
1336.182 511.997 1409.649 585.464
1336.223 511.999 1409.700 585.475
1336.260 512.000 1409.753 585.493
1336.280 512.001 1409.786 585.507
1336.282 512.001 1409.796 585.515
1336.274 512.001 1409.789 585.516
1336.263 512.000 1409.775 585.513
1336.253 512.000 1409.761 585.508
1336.247 512.000 1409.751 585.503
1336.245 512.000 1409.745 585.500
1336.245 512.000 1409.744 585.499
1336.248 512.000 1409.746 585.499
1336.251 512.000 1409.751 585.500
1336.255 512.000 1409.756 585.501
1336.258 512.000 1409.759 585.501
1336.259 512.001 1409.759 585.501
1336.254 512.001 1409.752 585.498
1336.241 512.000 1409.736 585.495
1336.221 511.999 1409.711 585.489
1336.197 511.998 1409.684 585.484
1336.182 511.997 1409.668 585.482
1336.192 511.997 1409.680 585.485
1336.240 511.999 1409.737 585.496
1336.328 512.004 1409.836 585.512
1336.424 512.013 1409.939 585.527
1336.449 512.023 1409.951 585.526
1336.264 512.029 1409.716 585.481
1335.696 512.024 1409.034 585.361
1334.588 512.002 1407.719 585.132
1332.868 511.963 1405.680 584.775
1330.596 511.922 1402.967 584.293
1327.944 511.915 1399.752 583.723
1325.133 512.001 1396.261 583.129
1322.352 512.253 1392.693 582.593
1319.702 512.735 1389.162 582.195
1317.185 513.475 1385.691 581.982
1314.730 514.443 1382.244 581.957
1312.230 515.562 1378.752 582.084
1309.578 516.742 1375.144 582.309
1306.696 517.906 1371.369 582.579
1303.554 519.000 1367.415 582.861
1300.180 519.990 1363.328 583.139
1296.646 520.842 1359.215 583.411
1293.044 521.522 1355.217 583.696
1289.458 522.003 1351.485 584.031
1285.947 522.280 1348.142 584.475
1282.568 522.372 1345.283 585.088
1279.406 522.315 1342.984 585.893
1276.599 522.132 1341.317 586.850
1274.307 521.821 1340.339 587.852
1272.657 521.348 1340.056 588.747
1271.681 520.663 1340.398 589.381
1271.300 519.729 1341.217 589.646
1271.369 518.564 1342.324 589.519
1271.753 517.257 1343.565 589.069
1272.387 515.948 1344.863 588.424
1273.298 514.774 1346.252 587.728
1274.587 513.827 1347.851 587.091
1276.370 513.131 1349.806 586.567
1278.692 512.652 1352.207 586.167
1281.488 512.341 1355.023 585.876
1284.590 512.157 1358.117 585.684
1287.791 512.086 1361.295 585.590
1290.914 512.130 1364.388 585.603
1293.861 512.289 1367.300 585.728
1296.608 512.545 1370.017 585.954
1299.184 512.847 1372.588 586.251
1301.636 513.110 1375.096 586.570
1304.014 513.235 1377.634 586.855
1306.346 513.127 1380.273 587.055
1308.628 512.740 1383.032 587.144
1310.803 512.096 1385.836 587.129
1312.768 511.294 1388.519 587.046
1314.399 510.475 1390.870 586.946
1315.605 509.776 1392.706 586.876
1316.369 509.280 1393.947 586.858
1316.754 509.002 1394.638 586.887
1316.876 508.896 1394.919 586.938
1316.859 508.895 1394.951 586.987
1316.794 508.939 1394.875 587.019
1316.737 508.985 1394.782 587.030
1316.707 509.016 1394.716 587.024
1316.703 509.027 1394.687 587.011
1316.714 509.025 1394.688 586.998
1316.731 509.016 1394.705 586.990
1316.744 509.007 1394.725 586.987
1316.753 509.000 1394.742 586.989
1316.756 508.997 1394.752 586.993
1316.755 508.996 1394.756 586.997
1316.753 508.997 1394.757 587.001
1316.751 508.999 1394.755 587.002
1316.750 509.000 1394.752 587.002
1316.749 509.000 1394.751 587.002
1316.749 509.001 1394.750 587.001
1316.749 509.000 1394.749 587.000
1316.750 509.000 1394.749 587.000
1316.750 509.000 1394.749 587.000
1316.750 509.000 1394.750 587.000
1316.750 509.000 1394.750 587.000
1316.750 509.000 1394.750 587.000
1316.750 509.000 1394.750 587.000
1316.750 509.000 1394.750 587.000
1316.750 509.000 1394.750 587.000
1316.750 509.000 1394.750 587.000
1316.750 509.000 1394.750 587.000
1316.750 509.000 1394.750 587.000
1316.750 509.000 1394.750 587.000
1316.750 509.000 1394.750 587.000
1316.750 509.000 1394.750 587.000
1316.750 509.000 1394.750 587.000
1316.750 509.000 1394.750 587.000
1316.750 509.000 1394.750 587.000
1316.750 509.000 1394.750 587.000
1316.750 509.000 1394.750 587.000
1316.750 509.000 1394.750 587.000
1316.750 509.000 1394.750 587.000
1316.750 509.000 1394.750 587.000
1316.750 509.000 1394.750 587.000
1316.750 509.000 1394.750 587.000
1316.750 509.000 1394.750 587.000
1316.750 509.000 1394.750 587.000
1316.750 509.000 1394.750 587.000
1316.750 509.000 1394.750 587.000
1316.750 509.000 1394.750 587.000
1316.750 509.000 1394.750 587.000
1316.750 509.000 1394.750 587.000
1316.750 509.000 1394.750 587.000
1316.750 509.000 1394.750 587.000
1316.750 509.000 1394.750 587.000
1316.750 509.000 1394.750 587.000
1316.750 509.000 1394.750 587.000
1316.750 509.000 1394.750 587.000
1316.750 509.000 1394.750 587.000
1316.750 509.000 1394.750 587.000
1316.750 509.000 1394.750 587.000
1316.750 509.000 1394.750 587.000
1316.750 509.000 1394.750 587.000
1316.750 509.000 1394.750 587.000
1316.750 509.000 1394.750 587.000
1316.750 509.000 1394.750 587.000
1316.750 509.000 1394.750 587.000
1316.750 509.000 1394.750 587.000
1316.750 509.000 1394.750 587.000
1316.750 509.000 1394.750 587.000
1316.750 509.000 1394.750 587.000
1316.750 509.000 1394.750 587.000
1316.750 509.000 1394.750 587.000
1316.750 509.000 1394.750 587.000
1316.750 509.000 1394.750 587.000
1316.750 509.000 1394.750 587.000
1316.750 509.000 1394.750 587.000
1316.750 509.000 1394.750 587.000
1316.750 509.000 1394.750 587.000
1316.750 509.000 1394.750 587.000
1316.750 509.000 1394.750 587.000
1316.750 509.000 1394.750 587.000
1316.750 509.000 1394.750 587.000
1316.750 509.000 1394.750 587.000
1316.750 509.000 1394.750 587.000
1316.750 509.000 1394.750 587.000
1316.750 509.000 1394.750 587.000
1316.750 509.000 1394.750 587.000
1316.750 509.000 1394.750 587.000
1316.750 509.000 1394.750 587.000
1316.750 509.000 1394.750 587.000
1316.750 509.000 1394.750 587.000
1316.750 509.000 1394.750 587.000
1316.750 509.000 1394.750 587.000
1316.750 509.000 1394.750 587.000
1316.750 509.000 1394.750 587.000
1316.750 509.000 1394.750 587.000
1316.750 509.000 1394.750 587.000
1316.750 509.000 1394.750 587.000
1316.750 509.000 1394.750 587.000
1316.750 509.000 1394.750 587.000
1316.750 509.000 1394.750 587.000
1316.750 509.000 1394.750 587.000
1316.750 509.000 1394.750 587.000
1316.750 509.000 1394.750 587.000
1316.750 509.000 1394.750 587.000
1316.750 509.000 1394.750 587.000
1316.750 509.000 1394.750 587.000
1316.750 509.000 1394.750 587.000
1316.750 509.000 1394.750 587.000
1316.750 509.000 1394.750 587.000
1316.750 509.000 1394.750 587.000
1316.750 509.000 1394.750 587.000
1316.750 509.000 1394.750 587.000
1316.750 509.000 1394.750 587.000
1316.750 509.000 1394.750 587.000
1316.750 509.000 1394.750 587.000
1316.750 509.000 1394.750 587.000
1316.750 509.000 1394.750 587.000
1316.750 509.000 1394.750 587.000
1316.750 509.000 1394.750 587.000
1316.750 509.000 1394.750 587.000
1316.750 509.000 1394.750 587.000
1316.750 509.000 1394.750 587.000
1316.750 509.000 1394.750 587.000
1316.750 509.000 1394.750 587.000
1316.750 509.000 1394.750 587.000
1316.750 509.000 1394.750 587.000
1316.750 509.000 1394.750 587.000
1316.750 509.000 1394.750 587.000
1316.750 509.000 1394.750 587.000
1316.750 509.000 1394.750 587.000
1316.750 509.000 1394.750 587.000
1316.750 509.000 1394.750 587.000
1316.750 509.000 1394.749 586.999
1316.750 509.000 1394.749 586.999
1316.750 509.000 1394.748 586.999
1316.750 509.000 1394.748 586.999
1316.750 509.001 1394.749 587.000
1316.749 509.001 1394.751 587.002
1316.750 509.001 1394.754 587.005
1316.750 509.000 1394.757 587.007
1316.751 508.998 1394.761 587.007
1316.753 508.996 1394.761 587.004
1316.754 508.994 1394.756 586.997
1316.753 508.995 1394.743 586.985
1316.750 509.000 1394.721 586.971
1316.743 509.011 1394.692 586.960
1316.735 509.026 1394.665 586.957
1316.726 509.040 1394.656 586.969
1316.724 509.043 1394.681 587.001
1316.735 509.025 1394.758 587.047
1316.764 508.976 1394.883 587.095
1316.808 508.903 1395.023 587.117
1316.849 508.835 1395.095 587.082
1316.846 508.841 1394.959 586.953
1316.740 509.016 1394.434 586.710
1316.468 509.470 1393.342 586.345
1315.985 510.275 1391.586 585.876
1315.304 511.411 1389.225 585.332
1314.500 512.750 1386.500 584.750
1313.696 514.089 1383.775 584.168
1313.015 515.225 1381.414 583.624
1312.532 516.030 1379.658 583.155
1312.260 516.484 1378.566 582.790
1312.154 516.659 1378.041 582.547
1312.151 516.665 1377.905 582.418
1312.192 516.597 1377.977 582.383
1312.236 516.524 1378.117 582.405
1312.265 516.475 1378.242 582.453
1312.276 516.457 1378.319 582.499
1312.274 516.460 1378.344 582.531
1312.265 516.474 1378.335 582.543
1312.257 516.489 1378.308 582.540
1312.250 516.500 1378.279 582.529
1312.247 516.505 1378.257 582.515
1312.247 516.506 1378.244 582.503
1312.247 516.504 1378.239 582.496
1312.249 516.502 1378.239 582.493
1312.250 516.500 1378.243 582.493
1312.250 516.499 1378.246 582.495
1312.250 516.499 1378.249 582.498
1312.250 516.499 1378.251 582.500
1312.250 516.500 1378.252 582.501
1312.250 516.500 1378.252 582.502
1312.250 516.500 1378.252 582.501
1312.250 516.500 1378.251 582.501
1312.250 516.500 1378.251 582.500
1312.250 516.500 1378.250 582.499
1312.250 516.500 1378.249 582.499
1312.249 516.500 1378.247 582.499
1312.247 516.500 1378.246 582.499
1312.247 516.500 1378.246 582.500
1312.247 516.500 1378.248 582.501
1312.250 516.500 1378.254 582.504
1312.257 516.500 1378.263 582.506
1312.265 516.500 1378.274 582.509
1312.274 516.500 1378.283 582.509
1312.276 516.500 1378.281 582.505
1312.265 516.500 1378.262 582.497
1312.236 516.500 1378.221 582.485
1312.192 516.500 1378.165 582.473
1312.151 516.500 1378.120 582.469
1312.154 516.500 1378.140 582.486
1312.260 516.500 1378.298 582.538
1312.532 516.500 1378.673 582.641
1313.015 516.500 1379.315 582.800
1313.696 516.500 1380.206 583.010
1314.500 516.500 1381.250 583.250
1315.304 516.500 1382.294 583.490
1315.985 516.500 1383.185 583.700
1316.468 516.500 1383.827 583.859
1316.740 516.500 1384.202 583.962
1316.846 516.500 1384.360 584.014
1316.849 516.500 1384.380 584.031
1316.808 516.500 1384.335 584.027
1316.764 516.500 1384.279 584.015
1316.735 516.500 1384.238 584.003
1316.724 516.500 1384.219 583.995
1316.726 516.500 1384.217 583.991
1316.735 516.500 1384.226 583.991
1316.743 516.500 1384.237 583.994
1316.750 516.500 1384.246 583.996
1316.753 516.500 1384.252 583.999
1316.754 516.500 1384.254 584.000
1316.753 516.500 1384.254 584.001
1316.751 516.500 1384.252 584.001
1316.750 516.500 1384.251 584.001
1316.750 516.500 1384.250 584.000
1316.749 516.500 1384.250 584.000
1316.750 516.500 1384.249 584.000
1316.750 516.500 1384.250 584.000
1316.750 516.500 1384.250 584.000
1316.750 516.500 1384.250 584.000
1316.750 516.500 1384.250 584.000
1316.750 516.500 1384.250 584.000
1316.750 516.500 1384.250 584.000
1316.750 516.500 1384.250 584.000
1316.750 516.500 1384.250 584.000
1316.750 516.500 1384.250 584.000
1316.750 516.500 1384.250 584.000
1316.750 516.500 1384.250 584.000
1316.750 516.500 1384.250 584.000
1316.750 516.500 1384.250 584.000
1316.750 516.500 1384.250 584.000
1316.750 516.500 1384.250 584.000
1316.750 516.500 1384.250 584.000
1316.750 516.500 1384.250 584.000
1316.750 516.500 1384.250 584.000
1316.750 516.500 1384.250 584.000
1316.750 516.500 1384.251 584.000
1316.750 516.500 1384.250 584.000
1316.750 516.500 1384.250 584.000
1316.750 516.500 1384.249 583.999
1316.750 516.500 1384.248 583.998
1316.750 516.500 1384.247 583.998
1316.750 516.501 1384.247 583.997
1316.750 516.502 1384.247 583.999
1316.751 516.502 1384.250 584.001
1316.751 516.502 1384.254 584.006
1316.750 516.500 1384.261 584.011
1316.749 516.496 1384.268 584.015
1316.747 516.490 1384.273 584.016
1316.746 516.484 1384.272 584.010
1316.746 516.483 1384.261 583.999
1316.747 516.490 1384.239 583.982
1316.752 516.510 1384.208 583.965
1316.760 516.539 1384.179 583.959
1316.767 516.566 1384.175 583.974
1316.766 516.564 1384.225 584.022
1316.749 516.493 1384.364 584.109
1316.704 516.311 1384.625 584.233
1316.623 515.990 1385.021 584.388
1316.508 515.536 1385.535 584.563
1316.373 515.001 1386.119 584.747
1316.237 514.466 1386.703 584.932
1316.122 514.013 1387.219 585.109
1316.043 513.692 1387.619 585.268
1316.002 513.509 1387.890 585.397
1315.995 513.436 1388.046 585.488
1316.008 513.429 1388.115 585.536
1316.027 513.450 1388.124 585.547
1316.037 513.476 1388.092 585.531
1316.025 513.500 1388.025 585.500
1315.983 513.524 1387.928 585.469
1315.916 513.550 1387.818 585.453
1315.854 513.571 1387.747 585.464
1315.857 513.564 1387.806 585.512
1316.014 513.491 1388.126 585.603
1316.423 513.308 1388.846 585.732
1317.147 512.987 1390.050 585.891
1318.169 512.534 1391.703 586.068
1319.375 511.999 1393.628 586.253
1320.580 511.464 1395.553 586.437
1321.603 511.010 1397.204 586.612
1322.327 510.689 1398.405 586.767
1322.735 510.507 1399.120 586.891
1322.894 510.436 1399.435 586.978
1322.898 510.434 1399.490 587.026
1322.838 510.461 1399.418 587.041
1322.771 510.490 1399.316 587.035
1322.728 510.510 1399.236 587.018
1322.711 510.517 1399.195 587.001
1322.714 510.516 1399.188 586.990
1322.727 510.510 1399.201 586.984
1322.740 510.504 1399.221 586.985
1322.750 510.500 1399.239 586.989
1322.754 510.498 1399.251 586.994
1322.755 510.498 1399.256 586.999
1322.754 510.498 1399.257 587.001
1322.752 510.499 1399.255 587.003
1322.750 510.500 1399.253 587.002
1322.749 510.500 1399.251 587.002
1322.749 510.500 1399.250 587.001
1322.749 510.500 1399.249 587.000
1322.750 510.500 1399.249 587.000
1322.750 510.500 1399.249 587.000
1322.750 510.500 1399.250 587.000
1322.750 510.500 1399.250 587.000
1322.750 510.500 1399.250 587.000
1322.750 510.500 1399.250 587.000
1322.750 510.500 1399.250 587.000
1322.750 510.500 1399.250 587.000
1322.750 510.500 1399.250 587.000
1322.750 510.500 1399.250 587.000
1322.750 510.500 1399.250 587.000
1322.750 510.500 1399.250 587.000
1322.750 510.500 1399.250 587.000
1322.750 510.500 1399.250 587.000
1322.750 510.500 1399.250 587.000
1322.750 510.500 1399.250 587.000
1322.750 510.500 1399.250 587.000
1322.750 510.500 1399.250 587.000
1322.750 510.500 1399.250 587.000
1322.750 510.500 1399.250 587.000
1322.750 510.500 1399.250 587.000
1322.750 510.500 1399.250 587.000
1322.750 510.500 1399.250 587.000
1322.750 510.500 1399.250 587.000
1322.750 510.500 1399.250 587.000
1322.750 510.500 1399.250 587.000
1322.750 510.500 1399.250 587.000
1322.750 510.500 1399.250 587.000
1322.750 510.500 1399.250 587.000
1322.750 510.500 1399.250 587.000
1322.750 510.500 1399.250 587.000
1322.750 510.500 1399.250 587.000
1322.750 510.500 1399.250 587.000
1322.750 510.500 1399.250 587.000
1322.750 510.500 1399.250 587.000
1322.750 510.500 1399.250 587.000
1322.750 510.500 1399.250 587.000
1322.750 510.500 1399.250 587.000
1322.750 510.500 1399.250 587.000
1322.750 510.500 1399.250 587.000
1322.750 510.500 1399.250 587.000
1322.750 510.500 1399.250 587.000
1322.750 510.500 1399.250 587.000
1322.750 510.500 1399.250 587.000
1322.750 510.500 1399.250 587.000
1322.750 510.500 1399.250 587.000
1322.750 510.500 1399.250 587.000
1322.750 510.500 1399.250 587.000
1322.750 510.500 1399.250 587.000
1322.750 510.500 1399.250 587.000
1322.750 510.500 1399.250 587.000
1322.750 510.500 1399.250 587.000
1322.750 510.500 1399.250 587.000
1322.750 510.500 1399.250 587.000
1322.750 510.500 1399.250 587.000
1322.750 510.500 1399.250 587.000
1322.750 510.500 1399.250 587.000
1322.750 510.500 1399.250 587.000
1322.750 510.500 1399.250 587.000
1322.750 510.500 1399.250 587.000
1322.750 510.500 1399.250 587.000
1322.750 510.500 1399.250 587.000
1322.750 510.500 1399.250 587.000
1322.750 510.500 1399.250 587.000
1322.750 510.500 1399.250 587.000
1322.750 510.500 1399.250 587.000
1322.750 510.500 1399.250 587.000
1322.750 510.500 1399.250 587.000
1322.750 510.500 1399.250 587.000
1322.750 510.500 1399.250 587.000
1322.750 510.500 1399.250 587.000
1322.750 510.500 1399.250 587.000
1322.750 510.500 1399.250 587.000
1322.750 510.500 1399.250 587.000
1322.750 510.500 1399.250 587.000
1322.750 510.500 1399.250 587.000
1322.750 510.500 1399.250 587.000
1322.750 510.500 1399.250 587.000
1322.750 510.500 1399.250 587.000
1322.750 510.500 1399.250 587.000
1322.750 510.500 1399.250 587.000
1322.750 510.500 1399.250 587.000
1322.750 510.500 1399.250 587.000
1322.750 510.500 1399.250 587.000
1322.750 510.500 1399.250 587.000
1322.750 510.500 1399.250 587.000
1322.750 510.500 1399.250 587.000
1322.750 510.500 1399.250 587.000
1322.750 510.500 1399.250 587.000
1322.750 510.500 1399.250 587.000
1322.750 510.500 1399.250 587.000
1322.750 510.500 1399.250 587.000
1322.750 510.500 1399.249 587.000
1322.749 510.500 1399.249 586.999
1322.749 510.500 1399.249 587.000
1322.749 510.500 1399.249 587.000
1322.750 510.500 1399.250 587.001
1322.751 510.501 1399.252 587.002
1322.754 510.502 1399.255 587.003
1322.756 510.502 1399.257 587.004
1322.757 510.503 1399.257 587.003
1322.753 510.501 1399.251 586.999
1322.744 510.498 1399.239 586.992
1322.729 510.492 1399.219 586.983
1322.710 510.487 1399.197 586.975
1322.696 510.487 1399.183 586.973
1322.700 510.496 1399.189 586.984
1322.733 510.520 1399.228 587.015
1322.797 510.563 1399.302 587.067
1322.871 510.619 1399.380 587.128
1322.893 510.674 1399.391 587.173
1322.759 510.710 1399.210 587.160
1322.330 510.709 1398.671 587.050
1321.469 510.686 1397.614 586.831
1320.100 510.724 1395.939 586.562
1318.239 511.019 1393.648 586.428
1315.984 511.925 1390.835 586.776
1313.476 513.935 1387.636 588.096
1310.831 517.555 1384.182 590.905
1308.107 523.073 1380.558 595.524
1305.280 530.285 1376.810 601.815
1302.258 538.398 1372.964 609.104
1298.897 546.241 1369.036 616.380
1295.025 552.675 1365.030 622.680
1290.493 556.987 1360.937 627.432
1285.224 559.068 1356.733 630.578
1279.286 559.266 1352.397 632.378
1272.909 558.042 1347.928 633.062
1266.441 555.674 1343.352 632.586
1260.253 552.142 1338.713 630.602
1254.624 547.215 1334.050 626.641
1249.659 540.724 1329.374 620.439
1245.260 532.899 1324.641 612.280
1241.169 524.541 1319.750 603.122
1237.044 516.895 1314.559 594.410
1232.546 511.281 1308.918 587.653
1227.403 508.648 1302.694 583.939
1221.438 509.242 1295.790 583.594
1214.551 512.532 1288.138 586.119
1206.669 517.416 1279.669 590.416
1197.688 522.581 1270.275 595.168
1187.447 526.880 1259.787 599.220
1175.743 529.616 1247.992 601.866
1162.417 530.649 1234.712 602.944
1147.461 530.279 1219.910 602.728
1131.068 529.019 1203.743 601.694
1113.589 527.372 1186.524 600.307
1095.412 525.701 1168.603 598.893
1076.848 524.182 1150.271 597.605
1058.092 522.842 1131.718 596.468
1039.269 521.660 1113.091 595.481
1020.516 520.669 1094.570 594.723
1002.014 520.033 1076.401 594.420
983.962 520.050 1058.854 594.942
966.517 521.087 1042.141 596.710
949.744 523.429 1026.338 600.023
933.601 527.109 1011.355 604.863
917.970 531.833 996.962 610.826
902.707 537.065 982.869 617.227
887.684 542.225 968.803 623.345
872.812 546.878 954.588 628.654
858.044 550.825 940.154 632.935
843.358 554.041 925.521 636.205
828.729 556.536 910.739 638.546
814.123 558.245 895.848 639.970
799.497 559.008 880.868 640.379
784.816 558.645 865.806 639.634
770.071 557.083 850.679 637.690
755.281 554.492 835.536 634.747
740.483 551.345 820.460 631.322
725.707 548.339 805.549 628.181
710.968 546.236 790.897 626.164
696.272 545.635 776.582 625.945
681.673 546.784 762.692 627.804
667.335 549.474 749.355 631.494
653.562 553.084 736.759 636.282
640.731 556.754 725.126 641.149
629.186 559.615 714.646 645.074
619.120 561.019 705.407 647.306
610.514 560.676 697.360 647.521
603.172 558.673 690.331 645.832
596.809 555.364 684.076 642.632
591.129 551.216 678.322 638.408
585.886 546.651 672.814 633.579
580.914 541.970 667.363 628.418
576.167 537.347 661.906 623.087
571.730 532.910 656.569 617.750
567.800 528.811 651.662 612.673
564.611 525.236 647.593 608.218
562.329 522.353 644.728 604.753
560.978 520.240 643.258 602.519
560.428 518.842 643.133 601.547
560.473 518.004 644.121 601.652
560.958 517.533 645.934 602.509
561.880 517.247 648.380 603.746
563.429 516.995 651.452 605.018
565.936 516.668 655.335 606.067
569.745 516.205 660.289 606.748
575.029 515.620 666.462 607.054
581.675 515.038 673.748 607.111
589.331 514.727 681.797 607.194
597.539 515.082 690.147 607.689
605.911 516.536 698.391 609.016
614.220 519.377 706.292 611.449
622.391 523.519 713.787 614.915
630.420 528.373 720.917 618.870
638.298 532.937 727.742 622.381
645.984 536.060 734.298 624.374
653.423 536.803 740.598 623.979
660.599 534.776 746.665 620.843
667.596 530.307 752.598 615.309
674.629 524.367 758.603 608.340
682.031 518.251 764.993 601.213
690.179 513.166 772.127 595.114
699.395 509.867 780.314 590.786
709.811 508.496 789.684 588.370
721.262 508.678 800.089 587.505
733.280 509.783 811.087 587.590
745.186 511.177 822.037 588.027
756.286 512.384 832.277 588.376
766.068 513.155 841.319 588.406
774.373 513.442 848.997 588.066
781.445 513.324 855.528 587.408
787.883 512.911 861.456 586.485
794.496 512.268 867.525 585.296
802.126 511.386 874.506 583.767
811.427 510.203 883.014 581.790
822.666 508.664 893.313 579.310
835.591 506.818 905.203 576.430
849.467 504.893 918.056 573.482
863.299 503.307 931.011 571.018
876.145 502.599 943.257 569.710
887.381 503.290 954.256 570.164
896.808 505.663 963.826 572.682
904.545 509.561 972.029 577.045
910.833 514.284 978.987 582.439
915.884 518.690 984.772 587.578
919.847 521.464 989.407 591.024
922.842 521.491 992.932 591.581
925.021 518.255 995.472 588.706
926.603 512.110 997.254 582.762
927.865 504.285 998.574 574.995
929.116 496.569 999.741 567.193
930.653 490.804 1001.026 561.178
932.696 488.345 1002.619 558.268
935.343 489.657 1004.596 558.911
938.528 494.215 1006.921 562.607
942.037 500.725 1009.466 568.155
945.568 507.586 1012.063 574.082
948.828 513.381 1014.553 579.105
951.617 517.262 1016.829 582.474
953.875 519.096 1018.861 584.082
955.672 519.312 1020.677 584.317
957.162 518.600 1022.347 583.785
958.519 517.661 1023.941 583.083
959.895 517.056 1025.518 582.679
961.388 517.143 1027.111 582.867
963.037 518.052 1028.731 583.746
964.829 519.673 1030.376 585.220
966.719 521.694 1032.037 587.012
968.649 523.685 1033.709 588.745
970.564 525.222 1035.387 590.046
972.423 526.014 1037.066 590.658
974.217 525.979 1038.750 590.512
975.971 525.249 1040.456 589.735
977.747 524.116 1042.221 588.590
979.631 522.930 1044.098 587.398
981.720 522.016 1046.144 586.440
984.100 521.592 1048.407 585.899
986.829 521.726 1050.916 585.813
989.929 522.331 1053.680 586.083
993.391 523.208 1056.695 586.512
997.197 524.098 1059.958 586.859
1001.330 524.752 1063.477 586.899
1005.785 524.992 1067.274 586.481
1010.552 524.754 1071.369 585.570
1015.583 524.103 1075.754 584.274
1020.775 523.218 1080.385 582.827
1025.984 522.348 1085.185 581.549
1031.055 521.745 1090.074 580.765
1035.872 521.608 1094.988 580.724
1040.389 522.016 1099.886 581.513
1044.627 522.902 1104.735 583.010
1048.656 524.059 1109.482 584.886
1052.561 525.188 1114.052 586.679
1056.418 525.979 1118.348 587.909
1060.277 526.189 1122.294 588.206
1064.161 525.723 1125.862 587.423
1068.082 524.666 1129.106 585.691
1072.049 523.268 1132.163 583.382
1076.079 521.868 1135.218 581.007
1080.197 520.807 1138.454 579.064
1084.421 520.325 1141.997 577.901
1088.759 520.500 1145.891 577.633
1093.197 521.239 1150.100 578.142
1097.712 522.318 1154.545 579.152
1102.279 523.469 1159.150 580.340
1106.887 524.459 1163.864 581.436
1111.523 525.154 1168.651 582.283
1116.134 525.536 1173.453 582.854
1120.584 525.671 1178.123 583.210
1124.640 525.659 1182.417 583.435
1128.036 525.589 1186.043 583.596
1130.567 525.519 1188.775 583.727
1132.179 525.475 1190.542 583.837
1132.999 525.459 1191.466 583.925
1133.267 525.463 1191.792 583.988
1133.239 525.477 1191.788 584.025
1133.111 525.489 1191.658 584.037
1132.994 525.498 1191.521 584.025
1132.928 525.501 1191.420 583.993
1132.903 525.501 1191.351 583.949
1132.897 525.499 1191.304 583.906
1132.893 525.496 1191.287 583.890
1132.898 525.490 1191.345 583.938
1132.944 525.478 1191.557 584.091
1133.078 525.449 1192.013 584.384
1133.341 525.390 1192.773 584.822
1133.736 525.283 1193.817 585.364
1134.210 525.103 1195.019 585.912
1134.633 524.813 1196.143 586.323
1134.819 524.367 1196.896 586.444
1134.554 523.720 1196.987 586.154
1133.651 522.854 1196.209 585.413
1132.013 521.809 1194.498 584.294
1129.655 520.693 1191.942 582.979
1126.679 519.660 1188.732 581.713
1123.208 518.862 1185.074 580.728
1119.338 518.396 1181.123 580.181
1115.124 518.273 1176.957 580.106
1110.623 518.425 1172.616 580.418
1105.929 518.730 1168.150 580.952
1101.189 519.051 1163.645 581.507
1096.568 519.260 1159.202 581.894
1092.195 519.263 1154.908 581.976
1088.127 519.021 1150.801 581.695
1084.331 518.563 1146.860 581.092
1080.714 517.983 1143.026 580.295
1077.158 517.421 1139.225 579.488
1073.557 517.024 1135.390 578.858
1069.838 516.912 1131.477 578.551
1065.961 517.137 1127.455 578.632
1061.896 517.676 1123.300 579.080
1057.595 518.434 1118.971 579.810
1052.977 519.283 1114.408 580.713
1047.935 520.101 1109.536 581.702
1042.370 520.808 1104.291 582.730
1036.238 521.375 1098.649 583.787
1029.599 521.810 1092.649 584.860
1022.633 522.126 1086.406 585.899
1015.592 522.324 1080.076 586.808
1008.740 522.382 1073.823 587.466
1002.269 522.270 1067.766 587.767
996.265 521.968 1061.962 587.664
990.705 521.499 1056.397 587.191
985.491 520.939 1051.009 586.458
980.491 520.403 1045.708 585.620
975.578 520.015 1040.400 584.838
970.667 519.873 1035.028 584.234
965.768 520.013 1029.621 583.866
961.018 520.398 1024.344 583.723
956.676 520.932 1019.489 583.745
953.038 521.496 1015.392 583.850
950.329 521.981 1012.312 583.964
948.607 522.322 1010.326 584.041
947.736 522.511 1009.295 584.070
947.457 522.580 1008.938 584.061
947.497 522.576 1008.956 584.036
947.644 522.543 1009.111 584.011
947.775 522.509 1009.261 583.995
947.845 522.487 1009.347 583.990
947.856 522.480 1009.367 583.991
947.831 522.483 1009.344 583.996
947.796 522.490 1009.307 584.001
947.767 522.498 1009.273 584.004
947.749 522.504 1009.253 584.007
947.741 522.505 1009.246 584.010
947.738 522.502 1009.248 584.012
947.734 522.495 1009.251 584.013
947.726 522.485 1009.251 584.010
947.718 522.476 1009.244 584.002
947.717 522.474 1009.232 583.989
947.732 522.485 1009.223 583.976
947.770 522.514 1009.226 583.969
947.828 522.558 1009.248 583.978
947.882 522.599 1009.290 584.006
947.878 522.596 1009.336 584.053
947.738 522.491 1009.353 584.106
947.375 522.218 1009.297 584.141
946.731 521.735 1009.132 584.136
945.820 521.053 1008.852 584.085
944.746 520.249 1008.499 584.002
943.670 519.444 1008.144 583.918
942.758 518.762 1007.860 583.864
942.115 518.280 1007.691 583.855
941.760 518.010 1007.637 583.887
941.637 517.909 1007.666 583.937
941.662 517.912 1007.735 583.986
941.748 517.959 1007.809 584.020
941.827 518.005 1007.860 584.038
941.852 518.027 1007.867 584.042
941.798 518.017 1007.816 584.035
941.672 517.982 1007.707 584.017
941.528 517.943 1007.573 583.987
941.487 517.931 1007.505 583.948
941.744 517.992 1007.660 583.908
942.543 518.174 1008.250 583.881
944.107 518.508 1009.484 583.885
946.535 518.985 1011.478 583.928
949.752 519.544 1014.208 584.000
953.530 520.084 1017.522 584.076
957.581 520.490 1021.212 584.120
961.659 520.673 1025.085 584.099
965.611 520.594 1029.007 583.989
969.371 520.273 1032.886 583.787
972.914 519.777 1036.640 583.503
976.225 519.195 1040.181 583.151
979.294 518.611 1043.429 582.746
982.115 518.082 1046.330 582.296
984.686 517.635 1048.859 581.808
986.984 517.274 1051.007 581.297
988.960 516.993 1052.761 580.794
990.545 516.786 1054.099 580.340
991.690 516.648 1055.016 579.974
992.397 516.571 1055.541 579.715
992.734 516.538 1055.754 579.558
992.817 516.535 1055.766 579.484
992.770 516.548 1055.695 579.474
992.705 516.578 1055.651 579.524
992.714 516.641 1055.728 579.656
992.865 516.774 1056.006 579.915
993.205 517.041 1056.533 580.368
993.749 517.534 1057.310 581.095
994.475 518.394 1058.285 582.204
995.336 519.835 1059.354 583.854
996.274 522.143 1060.400 586.269
997.238 525.612 1061.321 589.695
998.207 530.409 1062.073 594.275
999.203 536.393 1062.696 599.886
1000.291 543.052 1063.313 606.073
1001.586 549.619 1064.119 612.153
1003.232 555.327 1065.344 617.439
1005.388 559.670 1067.205 621.486
1008.182 562.545 1069.845 624.209
1011.666 564.216 1073.289 625.839
1015.807 565.139 1077.426 626.758
1020.505 565.803 1082.052 627.351
1025.648 566.616 1086.940 627.908
1031.149 567.839 1091.905 628.595
1036.946 569.551 1096.846 629.450
1042.958 571.636 1101.736 630.413
1049.042 573.798 1106.590 631.346
1054.987 575.608 1111.432 632.054
1060.556 576.589 1116.277 632.310
1065.561 576.331 1121.128 631.898
1069.940 574.629 1125.994 630.684
1073.813 571.597 1130.911 628.694
1077.487 567.672 1135.961 626.146
1081.411 563.496 1141.293 623.378
1086.080 559.704 1147.108 620.733
1091.907 556.735 1153.613 618.441
1099.073 554.721 1160.915 616.562
1107.412 553.515 1168.917 615.020
1116.406 552.813 1177.274 613.681
1125.326 552.272 1185.474 612.420
1133.453 551.599 1193.005 611.151
1140.298 550.610 1199.519 609.831
1145.733 549.252 1204.943 608.462
1149.969 547.612 1209.447 607.091
1153.426 545.890 1213.347 605.811
1156.582 544.342 1216.977 604.737
1159.846 543.205 1220.609 603.969
1163.487 542.640 1224.414 603.566
1167.624 542.684 1228.468 603.528
1172.262 543.266 1232.802 603.806
1177.364 544.238 1237.455 604.329
1182.915 545.432 1242.509 605.026
1188.934 546.702 1248.078 605.845
1195.438 547.952 1254.240 606.754
1202.344 549.135 1260.936 607.727
1209.373 550.240 1267.869 608.735
1216.037 551.268 1274.508 609.739
1221.750 552.220 1280.218 610.688
1226.038 553.097 1284.476 611.534
1228.707 553.901 1287.053 612.247
1229.896 554.641 1288.076 612.821
1229.946 555.317 1287.898 613.270
1229.174 555.908 1286.878 613.612
1227.696 556.365 1285.187 613.856
1225.357 556.610 1282.735 613.988
1221.810 556.550 1279.226 613.966
1216.718 556.091 1274.345 613.717
1210.010 555.160 1268.002 613.151
1202.024 553.702 1260.479 612.158
1193.430 551.661 1252.373 610.605
1185.002 548.964 1244.382 608.344
1177.352 545.542 1237.066 605.255
1170.774 541.411 1230.700 601.337
1165.252 536.770 1225.284 596.802
1160.599 532.043 1220.661 592.106
1156.586 527.779 1216.644 587.837
1153.031 524.479 1213.086 584.534
1149.819 522.416 1209.902 582.499
1146.880 521.554 1207.043 581.717
1144.151 521.604 1204.459 581.913
1141.550 522.175 1202.078 582.703
1138.973 522.905 1199.799 583.730
1136.315 523.539 1197.517 584.741
1133.488 523.951 1195.143 585.605
1130.445 524.124 1192.614 586.293
1127.171 524.116 1189.887 586.831
1123.667 524.014 1186.911 587.258
1119.933 523.919 1183.625 587.610
1115.958 523.921 1179.960 587.923
1111.725 524.102 1175.862 588.239
1107.234 524.504 1171.330 588.599
1102.528 525.104 1166.446 589.022
1097.703 525.787 1161.383 589.467
1092.898 526.343 1156.376 589.822
1088.254 526.502 1151.668 589.916
1083.876 526.000 1147.441 589.565
1079.802 524.685 1143.767 588.650
1076.000 522.622 1140.576 587.197
1072.382 520.123 1137.678 585.419
1068.840 517.679 1134.818 583.657
1065.276 515.811 1131.743 582.278
1061.621 514.902 1128.266 581.546
1057.843 515.076 1124.312 581.545
1053.932 516.174 1119.914 582.156
1049.885 517.820 1115.188 583.123
1045.691 519.548 1110.281 584.138
1041.327 520.934 1105.329 584.935
1036.772 521.704 1100.423 585.355
1032.019 521.789 1095.608 585.379
1027.094 521.304 1090.894 585.104
1022.062 520.479 1086.278 584.695
1017.008 519.570 1081.757 584.319
1012.018 518.786 1077.333 584.101
1007.157 518.241 1073.004 584.088
1002.457 517.948 1068.766 584.257
997.931 517.851 1064.617 584.537
993.582 517.866 1060.562 584.846
989.417 517.925 1056.612 585.120
985.444 517.981 1052.785 585.322
981.667 518.018 1049.096 585.447
978.083 518.037 1045.555 585.509
974.686 518.045 1042.170 585.530
971.470 518.047 1038.954 585.532
968.434 518.036 1035.924 585.526
965.581 517.995 1033.100 585.514
962.913 517.903 1030.501 585.491
960.419 517.743 1028.128 585.452
958.073 517.518 1025.960 585.405
955.830 517.250 1023.948 585.368
953.630 516.981 1022.021 585.372
951.417 516.752 1020.109 585.444
949.147 516.590 1018.152 585.595
946.804 516.503 1016.120 585.818
944.402 516.475 1014.013 586.086
941.981 516.484 1011.858 586.361
939.600 516.499 1009.702 586.601
937.313 516.494 1007.593 586.775
935.161 516.445 1005.573 586.857
933.154 516.334 1003.657 586.838
931.265 516.156 1001.825 586.716
929.436 515.917 1000.013 586.495
927.586 515.633 998.128 586.174
925.634 515.321 996.061 585.748
923.519 514.998 993.725 585.203
921.213 514.675 991.079 584.541
918.728 514.365 988.154 583.791
916.105 514.083 985.046 583.024
913.394 513.848 981.890 582.344
910.638 513.671 978.819 581.853
907.871 513.559 975.937 581.625
905.136 513.501 973.315 581.680
902.514 513.482 971.007 581.974
900.135 513.483 969.074 582.422
898.149 513.493 967.575 582.919
896.671 513.501 966.541 583.371
895.729 513.506 965.942 583.718
895.251 513.507 965.684 583.940
895.095 513.505 965.640 584.050
895.113 513.503 965.691 584.081
895.191 513.501 965.757 584.067
895.261 513.500 965.798 584.037
895.299 513.500 965.808 584.008
895.306 513.499 965.797 583.990
895.295 513.499 965.779 583.983
895.279 513.499 965.764 583.984
895.267 513.498 965.756 583.988
895.259 513.498 965.753 583.991
895.253 513.498 965.746 583.991
895.243 513.500 965.729 583.987
895.223 513.504 965.699 583.981
895.194 513.510 965.662 583.978
895.167 513.516 965.633 583.983
895.160 513.517 965.640 583.997
895.199 513.510 965.710 584.022
895.301 513.490 965.860 584.050
895.455 513.461 966.062 584.068
895.596 513.434 966.218 584.057
895.585 513.436 966.141 583.992
895.216 513.507 965.562 583.853
894.262 513.688 964.199 583.625
892.573 514.010 961.874 583.311
890.187 514.464 958.648 582.925
887.375 515.000 954.875 582.500
884.563 515.536 951.102 582.075
882.177 515.990 947.876 581.690
880.488 516.312 945.551 581.374
879.534 516.493 944.188 581.147
879.165 516.564 943.609 581.007
879.154 516.566 943.531 580.943
879.295 516.539 943.688 580.932
879.450 516.510 943.891 580.950
879.552 516.490 944.041 580.979
879.591 516.483 944.112 581.004
879.583 516.484 944.119 581.019
879.554 516.490 944.089 581.024
879.523 516.496 944.049 581.021
879.501 516.500 944.015 581.014
879.490 516.502 943.994 581.007
879.488 516.502 943.986 581.001
879.491 516.502 943.987 580.997
879.495 516.501 943.991 580.996
879.499 516.500 943.996 580.997
879.501 516.500 943.999 580.998
879.502 516.500 944.001 580.999
879.502 516.500 944.002 581.000
879.501 516.500 944.002 581.001
879.500 516.500 944.001 581.001
879.500 516.500 944.000 581.001
879.500 516.500 944.000 581.000
879.500 516.500 944.000 581.000
879.500 516.500 944.000 581.000
879.500 516.500 944.000 581.000
879.500 516.500 944.000 581.000
879.500 516.500 944.000 581.000
879.500 516.500 944.000 581.000
879.500 516.500 944.000 581.000
879.500 516.500 944.000 581.000
879.500 516.500 944.000 581.000
879.500 516.500 944.000 581.000
879.500 516.500 944.000 581.000
879.500 516.500 944.000 581.001
879.500 516.501 944.000 581.001
879.500 516.500 943.999 581.000
879.500 516.500 944.000 581.000
879.501 516.499 944.000 580.998
879.502 516.497 944.001 580.997
879.503 516.496 944.002 580.996
879.503 516.497 944.003 580.996
879.502 516.500 944.003 581.001
879.498 516.507 944.000 581.009
879.491 516.516 943.995 581.021
879.482 516.526 943.988 581.032
879.475 516.528 943.982 581.036
879.474 516.517 943.981 581.024
879.487 516.485 943.990 580.989
879.512 516.437 944.012 580.936
879.542 516.391 944.038 580.887
879.548 516.388 944.048 580.889
879.481 516.493 944.002 581.015
879.271 516.774 943.844 581.348
878.846 517.278 943.516 581.948
878.151 517.990 942.975 582.815
877.160 518.821 942.205 583.867
875.870 519.622 941.209 584.961
874.287 520.232 939.991 585.936
872.421 520.530 938.561 586.670
870.310 520.477 936.943 587.111
868.054 520.127 935.211 587.284
865.830 519.593 933.504 587.267
863.855 519.018 931.994 587.157
862.313 518.521 930.828 587.036
861.291 518.172 930.074 586.955
860.751 517.980 929.696 586.925
860.563 517.913 929.585 586.935
860.575 517.919 929.618 586.963
860.662 517.955 929.696 586.989
860.747 517.991 929.761 587.005
860.796 518.013 929.794 587.010
860.810 518.021 929.797 587.008
860.799 518.018 929.783 587.002
860.779 518.012 929.765 586.997
860.760 518.005 929.750 586.995
860.748 518.000 929.743 586.995
860.743 517.997 929.742 586.996
860.743 517.997 929.744 586.998
860.745 517.998 929.747 587.000
860.748 517.999 929.750 587.001
860.750 518.000 929.751 587.001
860.751 518.000 929.752 587.001
860.751 518.000 929.751 587.001
860.751 518.000 929.751 587.000
860.750 518.000 929.750 587.000
860.750 518.000 929.750 587.000
860.750 518.000 929.750 587.000
860.750 518.000 929.750 587.000
860.750 518.000 929.750 587.000
860.750 518.000 929.750 587.000
860.750 518.000 929.750 587.000
860.750 518.000 929.750 587.000
860.750 518.000 929.750 587.000
860.750 518.000 929.750 587.000
860.750 518.000 929.750 587.000
860.750 518.000 929.750 587.000
860.750 518.000 929.750 587.000
860.750 518.000 929.750 587.000
860.750 518.000 929.750 587.000
860.750 518.000 929.750 587.000
860.750 518.000 929.750 587.000
860.750 518.000 929.750 587.000
860.750 518.000 929.750 587.000
860.750 518.000 929.750 587.000
860.750 518.000 929.750 587.000
860.750 518.000 929.750 587.000
860.750 518.000 929.750 587.000
860.750 518.000 929.750 587.000
860.750 518.000 929.750 587.000
860.750 518.000 929.750 587.000
860.750 518.000 929.750 587.000
860.750 518.000 929.750 587.000
860.750 518.000 929.750 587.000
860.750 518.000 929.750 587.000
860.750 518.000 929.750 587.000
860.750 518.000 929.750 587.000
860.750 518.000 929.750 587.000
860.750 518.000 929.750 587.000
860.750 518.000 929.750 587.000
860.750 518.000 929.750 587.000
860.750 518.000 929.750 587.000
860.750 518.000 929.750 587.000
860.750 518.000 929.750 587.000
860.750 518.000 929.750 587.000
860.750 518.000 929.750 587.000
860.750 518.000 929.750 587.000
860.750 518.000 929.750 587.000
860.750 518.000 929.750 587.000
860.750 518.000 929.750 587.000
860.750 518.000 929.750 587.000
860.749 518.000 929.749 587.000
860.749 518.000 929.749 586.999
860.750 518.000 929.749 587.000
860.751 518.000 929.751 587.000
860.752 518.001 929.752 587.001
860.754 518.003 929.754 587.002
860.755 518.003 929.755 587.003
860.753 518.002 929.753 587.003
860.746 517.999 929.748 587.000
860.735 517.993 929.737 586.995
860.721 517.986 929.722 586.987
860.709 517.981 929.710 586.981
860.708 517.983 929.707 586.982
860.727 518.000 929.722 586.995
860.767 518.035 929.758 587.027
860.813 518.084 929.802 587.073
860.821 518.130 929.809 587.119
860.710 518.144 929.704 587.137
860.370 518.085 929.375 587.090
859.682 517.925 928.704 586.947
858.555 517.681 927.595 586.721
856.943 517.451 925.992 586.501
854.834 517.453 923.867 586.486
852.209 518.006 921.184 586.981
849.024 519.468 917.879 588.324
845.200 522.077 913.871 590.748
840.669 525.772 909.104 594.207
835.399 530.117 903.584 598.302
829.396 534.403 897.373 602.380
822.671 537.881 890.547 605.756
815.219 540.008 883.149 607.938
807.021 540.595 875.183 608.757
798.090 539.774 866.637 608.321
788.502 537.842 857.524 606.864
778.399 535.098 847.892 604.590
767.941 531.732 837.809 601.599
757.262 527.823 827.342 597.903
746.436 523.427 816.543 593.535
735.487 518.724 805.465 588.701
724.412 514.110 794.172 583.870
713.195 510.179 782.740 579.724
701.819 507.571 771.250 577.002
690.275 506.770 759.774 576.268
678.593 507.910 748.383 577.700
666.873 510.678 737.173 580.979
655.302 514.355 726.280 585.333
644.124 517.992 715.867 589.734
633.577 520.647 706.085 593.155
623.820 521.641 697.028 594.848
614.890 520.735 688.692 594.537
606.701 518.193 680.971 592.463
599.085 514.669 673.678 589.262
591.841 510.983 666.584 585.725
584.786 507.865 659.464 582.543
577.799 505.754 652.160 580.115
570.851 504.727 644.628 578.504
564.017 504.586 636.983 577.552
557.454 505.035 629.473 577.053
551.343 505.814 622.404 576.875
545.820 506.777 616.037 576.993
540.940 507.875 610.506 577.441
536.685 509.109 605.820 578.244
533.030 510.454 601.932 579.356
530.007 511.813 598.836 580.642
527.716 513.029 596.607 581.921
526.281 513.935 595.366 583.020
525.777 514.415 595.202 583.839
526.165 514.453 596.083 584.371
527.260 514.133 597.809 584.683
528.766 513.603 600.028 584.865
530.343 513.024 602.314 584.996
531.692 512.525 604.284 585.117
532.627 512.173 605.691 585.237
533.099 511.971 606.470 585.342
533.189 511.882 606.723 585.415
533.060 511.864 606.648 585.452
532.932 511.898 606.505 585.471
533.062 511.996 606.574 585.508
533.722 512.195 607.136 585.609
535.147 512.526 608.423 585.802
537.466 512.989 610.561 586.084
540.665 513.533 613.533 586.401
544.614 514.064 617.216 586.667
549.145 514.475 621.452 586.783
554.122 514.680 626.121 586.679
559.479 514.639 631.169 586.329
565.190 514.366 636.584 585.760
571.229 513.910 642.356 585.037
577.551 513.336 648.452 584.236
584.102 512.699 654.822 583.419
590.829 512.030 661.415 582.617
597.679 511.347 668.172 581.840
604.566 510.672 675.000 581.106
611.340 510.053 681.754 580.467
617.799 509.579 688.248 580.029
623.731 509.372 694.298 579.939
628.985 509.554 699.779 580.348
633.534 510.205 704.677 581.348
637.506 511.319 709.099 582.912
641.176 512.790 713.256 584.870
644.907 514.447 717.415 586.955
649.076 516.115 721.848 588.887
653.985 517.671 726.773 590.459
659.790 519.058 732.310 591.579
666.458 520.258 738.459 592.259
673.790 521.231 745.110 592.551
681.490 521.884 752.086 592.479
689.263 522.063 759.204 592.004
696.887 521.607 766.319 591.039
704.250 520.426 773.345 589.521
711.323 518.598 780.237 587.513
718.108 516.396 786.969 585.257
724.602 514.232 793.511 583.140
730.781 512.531 799.829 581.579
736.620 511.596 805.904 580.881
742.123 511.517 811.743 581.138
747.346 512.165 817.390 582.208
752.406 513.260 822.923 583.777
757.456 514.476 828.440 585.460
762.653 515.524 834.043 586.915
768.117 516.225 839.817 587.926
773.904 516.530 845.807 588.434
780.000 516.511 852.015 588.525
786.339 516.329 858.393 588.383
792.828 516.213 864.864 588.250
799.377 516.433 871.338 588.395
805.924 517.248 877.740 589.064
812.443 518.814 884.022 590.393
818.936 521.078 890.173 592.315
825.422 523.713 896.212 594.502
831.922 526.161 902.173 596.412
838.448 527.774 908.093 597.418
845.005 528.007 914.004 597.007
851.598 526.618 919.943 594.963
858.249 523.791 925.968 591.510
865.006 520.126 932.173 587.293
871.937 516.490 938.681 583.234
879.121 513.774 945.620 580.273
886.624 512.640 953.091 579.106
894.471 513.329 961.118 579.976
902.629 515.590 969.634 582.595
911.011 518.759 978.481 586.229
919.498 521.942 987.458 589.901
927.974 524.245 996.369 592.640
936.351 525.004 1005.078 593.730
944.583 523.966 1013.521 592.904
952.647 521.370 1021.691 590.414
960.527 517.897 1029.601 586.971
968.199 514.492 1037.261 583.554
975.636 512.130 1044.669 581.164
982.815 511.553 1051.820 580.559
989.725 513.055 1058.712 582.042
996.368 516.375 1065.347 585.354
1002.759 520.770 1071.737 589.749
1008.924 525.246 1077.908 594.229
1014.903 528.859 1083.895 597.851
1020.726 530.994 1089.726 599.994
1026.364 531.504 1095.372 600.512
1031.682 530.674 1100.698 599.690
1036.437 529.042 1105.458 598.063
1040.347 527.191 1109.367 596.211
1043.210 525.581 1112.222 594.593
1045.005 524.462 1113.999 593.457
1045.911 523.863 1114.881 592.833
1046.229 523.663 1115.175 592.609
1046.240 523.697 1115.178 592.635
1046.113 523.828 1115.084 592.799
1045.861 523.980 1114.937 593.057
1045.371 524.138 1114.652 593.419
1044.467 524.315 1114.067 593.915
1042.993 524.527 1113.013 594.548
1040.867 524.772 1111.368 595.273
1038.071 525.024 1109.053 596.005
1034.613 525.247 1106.013 596.648
1030.488 525.411 1102.205 597.129
1025.697 525.503 1097.618 597.424
1020.304 525.531 1092.328 597.555
1014.480 525.519 1086.535 597.574
1008.483 525.503 1080.531 597.550
1002.590 525.530 1074.617 597.557
997.015 525.655 1069.025 597.666
991.869 525.930 1063.874 597.935
987.180 526.394 1059.191 598.405
982.941 527.068 1054.962 599.089
979.150 527.963 1051.177 599.990
975.809 529.103 1047.826 601.120
972.912 530.545 1044.897 602.530
970.421 532.407 1042.355 604.340
968.267 534.886 1040.145 606.764
966.355 538.292 1038.209 610.145
964.588 543.080 1036.502 614.994
962.880 549.822 1035.007 621.949
961.177 559.041 1033.729 631.593
959.461 570.902 1032.679 644.120
957.749 584.851 1031.841 658.943
956.075 599.511 1031.146 674.582
954.475 613.005 1030.472 689.002
952.970 623.545 1029.669 700.243
951.563 630.021 1028.601 707.059
950.249 632.290 1027.194 709.235
949.043 630.990 1025.476 707.423
948.001 627.074 1023.582 702.655
947.221 621.368 1021.727 695.874
946.825 614.342 1020.154 687.671
946.917 606.110 1019.068 678.261
947.529 596.630 1018.572 667.672
948.586 586.012 1018.637 656.063
949.901 574.701 1019.112 643.912
951.234 563.425 1019.785 631.975
952.368 552.963 1020.458 621.052
953.177 543.880 1021.007 611.710
953.642 536.388 1021.399 604.145
953.803 530.393 1021.644 598.234
953.670 525.673 1021.718 593.721
953.152 521.995 1021.504 590.346
952.045 519.171 1020.774 587.900
950.088 517.044 1019.255 586.212
947.108 515.466 1016.761 585.120
943.188 514.306 1013.350 584.468
938.731 513.461 1009.394 584.124
934.360 512.866 1005.476 583.982
930.700 512.470 1002.190 583.960
928.153 512.224 999.924 583.995
926.778 512.072 998.741 584.035
926.345 511.965 998.420 584.040
926.464 511.887 998.576 583.999
926.714 511.879 998.769 583.935
926.699 512.047 998.567 583.915
926.090 512.539 997.594 584.043
924.654 513.508 995.583 584.437
922.304 515.038 992.450 585.184
919.116 517.116 988.327 586.327
915.290 519.645 983.504 587.859
911.066 522.498 978.324 589.757
906.637 525.561 973.061 591.984
902.094 528.728 967.848 594.481
897.421 531.863 962.677 597.119
892.525 534.758 957.442 599.675
887.272 537.142 951.994 601.864
881.517 538.749 946.172 603.403
875.139 539.404 939.842 604.106
868.077 539.094 932.927 603.944
860.377 537.990 925.445 603.058
852.208 536.396 917.524 601.712
843.832 534.668 909.372 600.208
835.538 533.120 901.227 598.810
827.556 531.950 893.283 597.677
819.981 531.206 885.622 596.848
812.730 530.814 878.185 596.268
805.553 530.628 870.769 595.844
798.080 530.479 863.080 595.479
789.909 530.216 854.789 595.096
780.711 529.724 845.629 594.641
770.336 528.947 835.471 594.082
758.889 527.892 824.402 593.404
746.729 526.629 812.713 592.613
734.380 525.263 800.835 591.718
722.382 523.901 789.208 590.727
711.140 522.621 778.158 589.639
700.811 521.465 767.802 588.456
691.280 520.453 758.029 587.201
682.217 519.600 748.546 585.928
673.180 518.924 738.968 584.712
663.731 518.441 728.918 583.628
653.545 518.150 718.117 582.722
642.485 518.021 706.460 581.996
630.638 518.008 694.047 581.418
618.273 518.048 681.156 580.932
605.769 518.078 668.167 580.475
593.504 518.032 655.456 579.984
581.753 517.854 643.300 579.401
570.620 517.512 631.802 578.693
560.016 517.017 620.874 577.875
549.694 516.438 610.274 577.019
539.325 515.889 599.681 576.245
528.584 515.505 588.774 575.694
517.226 515.406 577.309 575.489
505.147 515.668 565.175 575.696
492.397 516.296 552.410 576.308
479.156 517.233 539.170 577.247
465.666 518.385 525.669 578.387
452.167 519.648 512.113 579.595
438.831 520.946 498.644 580.760
425.731 522.236 485.309 581.815
412.852 523.506 472.082 582.736
400.117 524.761 458.892 583.535
387.434 526.009 445.667 584.242
374.722 527.262 432.354 584.894
361.928 528.526 418.931 585.529
349.026 529.797 405.399 586.171
336.004 531.043 391.774 586.814
322.845 532.196 378.071 587.421
309.527 533.156 364.296 587.926
296.018 533.815 350.447 588.243
282.292 534.073 336.509 588.290
268.330 533.866 322.468 588.004
254.128 533.166 308.310 587.348
239.686 531.973 294.029 586.316
225.012 530.305 279.623 584.916
210.109 528.178 265.093 583.163
194.978 525.598 250.442 581.062
0.000 0.000 0.000 0.000
0.000 0.000 0.000 0.000
0.000 0.000 0.000 0.000
0.000 0.000 0.000 0.000
0.000 0.000 0.000 0.000
0.000 0.000 0.000 0.000
0.000 0.000 0.000 0.000
0.000 0.000 0.000 0.000
0.000 0.000 0.000 0.000
0.000 0.000 0.000 0.000
0.000 0.000 0.000 0.000
0.000 0.000 0.000 0.000
0.000 0.000 0.000 0.000
0.000 0.000 0.000 0.000
0.000 0.000 0.000 0.000
0.000 0.000 0.000 0.000
0.000 0.000 0.000 0.000
0.000 0.000 0.000 0.000
0.000 0.000 0.000 0.000
0.000 0.000 0.000 0.000
0.000 0.000 0.000 0.000
0.000 0.000 0.000 0.000
0.000 0.000 0.000 0.000
0.000 0.000 0.000 0.000
0.000 0.000 0.000 0.000
0.000 0.000 0.000 0.000
0.000 0.000 0.000 0.000
0.000 0.000 0.000 0.000
0.000 0.000 0.000 0.000
0.000 0.000 0.000 0.000
0.000 0.000 0.000 0.000
0.000 0.000 0.000 0.000
0.000 0.000 0.000 0.000
0.000 0.000 0.000 0.000
0.000 0.000 0.000 0.000
0.000 0.000 0.000 0.000
0.000 0.000 0.000 0.000
0.000 0.000 0.000 0.000
0.000 0.000 0.000 0.000
0.000 0.000 0.000 0.000
0.000 0.000 0.000 0.000
0.000 0.000 0.000 0.000
0.000 0.000 0.000 0.000
0.000 0.000 0.000 0.000
0.000 0.000 0.000 0.000
0.000 0.000 0.000 0.000
0.000 0.000 0.000 0.000
0.000 0.000 0.000 0.000
0.000 0.000 0.000 0.000
0.000 0.000 0.000 0.000
0.000 0.000 0.000 0.000
0.000 0.000 0.000 0.000
0.000 0.000 0.000 0.000
0.000 0.000 0.000 0.000
0.000 0.000 0.000 0.000
0.000 0.000 0.000 0.000
0.000 0.000 0.000 0.000
0.000 0.000 0.000 0.000
0.000 0.000 0.000 0.000
0.000 0.000 0.000 0.000
0.000 0.000 0.000 0.000
0.000 0.000 0.000 0.000
0.000 0.000 0.000 0.000
0.000 0.000 0.000 0.000
0.000 0.000 0.000 0.000
0.000 0.000 0.000 0.000
