0.000 0.000 0.000 0.000
0.000 0.000 0.000 0.000
0.000 0.000 0.000 0.000
0.000 0.000 0.000 0.000
0.000 0.000 0.000 0.000
0.000 0.000 0.000 0.000
0.000 0.000 0.000 0.000
0.000 0.000 0.000 0.000
0.000 0.000 0.000 0.000
0.000 0.000 0.000 0.000
0.000 0.000 0.000 0.000
0.000 0.000 0.000 0.000
0.000 0.000 0.000 0.000
0.000 0.000 0.000 0.000
0.000 0.000 0.000 0.000
0.000 0.000 0.000 0.000
0.000 0.000 0.000 0.000
0.000 0.000 0.000 0.000
0.000 0.000 0.000 0.000
0.000 0.000 0.000 0.000
0.000 0.000 0.000 0.000
0.000 0.000 0.000 0.000
0.000 0.000 0.000 0.000
0.000 0.000 0.000 0.000
0.000 0.000 0.000 0.000
0.000 0.000 0.000 0.000
0.000 0.000 0.000 0.000
0.000 0.000 0.000 0.000
0.000 0.000 0.000 0.000
0.000 0.000 0.000 0.000
0.000 0.000 0.000 0.000
0.000 0.000 0.000 0.000
0.000 0.000 0.000 0.000
0.000 0.000 0.000 0.000
0.000 0.000 0.000 0.000
0.000 0.000 0.000 0.000
264.309 534.449 309.425 579.565
269.567 534.408 314.916 579.757
274.864 534.315 320.447 579.898
280.199 534.171 326.018 579.990
285.573 533.978 331.629 580.035
290.983 533.743 337.279 580.039
296.428 533.474 342.965 580.011
301.907 533.182 348.686 579.961
307.417 532.874 354.440 579.897
312.960 532.551 360.229 579.820
318.543 532.205 366.058 579.721
324.175 531.813 371.936 579.574
329.871 531.338 377.877 579.344
335.647 530.739 383.895 578.988
341.510 529.987 389.998 578.476
347.459 529.076 396.184 577.801
353.479 528.025 402.440 576.985
359.548 526.880 408.743 576.074
365.636 525.700 415.067 575.130
371.711 524.554 421.381 574.225
377.738 523.512 427.656 573.430
383.684 522.631 433.863 572.810
389.521 521.956 439.981 572.415
395.224 521.501 445.993 572.271
400.777 521.253 451.895 572.371
406.176 521.170 457.689 572.684
411.430 521.199 463.391 573.160
416.559 521.291 469.016 573.748
421.587 521.410 474.584 574.406
426.547 521.537 480.110 575.101
431.468 521.665 485.609 575.806
436.385 521.792 491.093 576.500
441.329 521.919 496.575 577.166
446.330 522.052 502.067 577.789
451.417 522.196 507.584 578.364
456.611 522.363 513.142 578.893
461.927 522.566 518.753 579.392
467.366 522.822 524.428 579.884
472.923 523.143 530.172 580.392
478.580 523.531 535.980 580.930
484.320 523.976 541.846 581.502
490.120 524.460 547.758 582.099
495.959 524.960 553.703 582.704
501.815 525.447 559.665 583.297
507.669 525.894 565.630 583.855
513.499 526.274 571.584 584.358
519.288 526.566 577.516 584.795
525.018 526.757 583.420 585.159
530.681 526.842 589.295 585.456
536.273 526.829 595.144 585.700
541.799 526.730 600.976 585.907
547.270 526.561 606.800 586.092
552.701 526.339 612.625 586.263
558.112 526.077 618.458 586.423
563.520 525.787 624.301 586.568
568.946 525.481 630.158 586.693
574.409 525.168 636.033 586.792
579.924 524.858 641.927 586.861
585.507 524.558 647.848 586.898
591.166 524.272 653.799 586.905
596.905 524.002 659.787 586.884
602.720 523.746 665.815 586.841
608.603 523.498 671.886 586.781
614.548 523.254 678.003 586.709
620.549 523.011 684.164 586.626
626.603 522.765 690.370 586.533
632.709 522.517 696.620 586.428
638.867 522.266 702.910 586.308
645.079 522.012 709.237 586.171
651.342 521.757 715.596 586.011
657.654 521.502 721.979 585.828
664.007 521.250 728.376 585.618
670.395 521.002 734.775 585.382
676.808 520.760 741.169 585.121
683.244 520.526 747.554 584.835
689.706 520.298 753.935 584.528
696.203 520.075 760.327 584.199
702.750 519.853 766.749 583.852
709.366 519.631 773.226 583.491
716.071 519.405 779.783 583.118
722.885 519.172 786.447 582.735
729.830 518.921 793.245 582.336
736.931 518.635 800.204 581.907
744.212 518.285 807.348 581.421
751.696 517.834 814.700 580.838
759.401 517.246 822.275 580.120
767.333 516.495 830.077 579.240
775.486 515.582 838.098 578.194
783.841 514.530 846.317 577.006
792.369 513.385 854.708 575.724
801.036 512.207 863.239 574.410
809.807 511.065 871.877 573.134
818.645 510.024 880.591 571.970
827.516 509.144 889.356 570.983
836.394 508.463 898.154 570.223
845.261 507.996 906.981 569.716
854.110 507.724 915.845 569.458
862.948 507.601 924.764 569.418
871.788 507.573 933.764 569.548
880.648 507.587 942.862 569.801
889.542 507.610 952.069 570.137
898.482 507.623 961.386 570.526
907.478 507.622 970.805 570.949
916.535 507.610 980.314 571.389
925.660 507.590 989.901 571.832
934.859 507.569 999.559 572.269
944.139 507.552 1009.286 572.698
953.510 507.546 1019.087 573.124
962.977 507.562 1028.976 573.560
972.548 507.610 1038.966 574.028
982.223 507.701 1049.069 574.546
992.001 507.840 1059.287 575.126
1001.873 508.029 1069.612 575.768
1011.827 508.263 1080.023 576.459
1021.846 508.532 1090.491 577.177
1031.915 508.827 1100.982 577.895
1042.017 509.139 1111.464 578.585
1052.149 509.463 1121.913 579.227
1062.320 509.806 1132.323 579.809
1072.557 510.185 1142.710 580.339
1082.903 510.630 1153.112 580.839
1093.404 511.173 1163.575 581.343
1104.093 511.838 1174.137 581.882
1114.964 512.630 1184.807 582.473
1125.979 513.532 1195.562 583.116
1137.063 514.509 1206.348 583.795
1148.121 515.511 1217.089 584.479
1159.047 516.483 1227.700 585.135
1169.736 517.367 1238.094 585.726
1180.095 518.115 1248.199 586.219
1190.057 518.686 1257.965 586.593
1199.598 519.062 1267.378 586.842
1208.734 519.247 1276.464 586.976
1217.522 519.266 1285.281 587.025
1226.032 519.160 1293.896 587.024
1234.321 518.969 1302.356 587.005
1242.417 518.726 1310.679 586.988
1250.318 518.451 1318.847 586.980
1257.996 518.154 1326.819 586.977
1265.412 517.837 1334.542 586.967
1272.527 517.510 1341.962 586.945
1279.321 517.196 1349.049 586.924
1285.808 516.949 1355.806 586.946
1292.043 516.860 1362.281 587.098
1298.117 517.049 1368.564 587.496
1304.138 517.642 1374.763 588.268
1310.184 518.729 1380.963 589.508
1316.275 520.332 1387.187 591.244
1322.355 522.398 1393.386 593.429
1328.307 524.815 1399.449 595.957
1333.972 527.434 1405.220 598.681
1339.165 530.084 1410.518 601.437
1343.701 532.590 1415.164 604.053
1347.414 534.779 1419.001 606.365
1350.183 536.482 1421.918 608.217
1351.955 537.552 1423.881 609.478
1352.766 537.871 1424.944 610.050
1352.736 537.377 1425.244 609.886
1352.035 536.074 1424.962 609.001
1350.847 534.035 1424.280 607.467
1349.337 531.388 1423.349 605.400
1347.643 528.304 1422.283 602.944
1345.877 524.972 1421.162 600.257
1344.142 521.593 1420.051 597.502
1342.532 518.360 1419.010 594.838
1341.143 515.445 1418.103 592.405
1340.062 512.974 1417.399 590.311
1339.363 511.006 1416.963 588.607
1339.087 509.520 1416.846 587.279
1339.237 508.422 1417.072 586.256
1339.781 507.584 1417.634 585.438
1340.654 506.891 1418.496 584.733
1341.778 506.264 1419.599 584.085
1343.068 505.666 1420.873 583.471
1344.440 505.093 1422.240 582.893
1345.811 504.562 1423.619 582.371
1347.098 504.094 1424.927 581.923
1348.220 503.712 1426.073 581.564
1349.097 503.431 1426.967 581.301
1349.652 503.263 1427.517 581.128
1349.824 503.216 1427.641 581.033
1349.575 503.289 1427.280 580.994
1348.896 503.477 1426.411 580.993
1347.810 503.768 1425.050 581.009
1346.365 504.143 1423.252 581.029
1344.631 504.581 1421.098 581.048
1342.684 505.057 1418.688 581.061
1340.606 505.545 1416.131 581.070
1338.474 506.020 1413.528 581.074
1336.347 506.459 1410.963 581.075
1334.262 506.845 1408.489 581.072
1332.215 507.170 1406.110 581.065
1330.168 507.436 1403.787 581.055
1328.056 507.654 1401.446 581.044
1325.822 507.840 1399.017 581.035
1323.442 508.008 1396.463 581.029
1320.937 508.166 1393.798 581.027
1318.371 508.318 1391.080 581.027
1315.837 508.463 1388.403 581.029
1313.446 508.597 1385.881 581.032
1311.310 508.716 1383.629 581.035
1309.532 508.815 1381.755 581.038
1308.187 508.888 1380.335 581.036
1307.311 508.930 1379.406 581.025
1306.894 508.937 1378.955 580.998
1306.877 508.904 1378.919 580.946
1307.176 508.831 1379.208 580.863
1307.698 508.721 1379.725 580.748
1308.363 508.579 1380.388 580.604
1309.106 508.415 1381.128 580.437
1309.873 508.239 1381.892 580.258
1310.620 508.065 1382.635 580.080
1311.304 507.902 1383.315 579.914
1311.888 507.763 1383.896 579.771
1312.347 507.654 1384.352 579.659
1312.667 507.577 1384.670 579.581
1312.858 507.532 1384.860 579.534
1312.947 507.511 1384.949 579.513
1312.972 507.505 1384.973 579.507
1312.965 507.507 1384.967 579.509
1312.952 507.510 1384.954 579.512
1312.944 507.511 1384.947 579.514
1312.945 507.511 1384.947 579.513
1312.953 507.509 1384.955 579.511
1312.965 507.506 1384.967 579.508
1312.977 507.503 1384.979 579.505
1312.989 507.502 1384.990 579.503
1312.996 507.501 1384.998 579.502
1312.998 507.500 1385.000 579.502
1312.989 507.500 1384.992 579.503
1312.966 507.500 1384.972 579.505
1312.927 507.500 1384.935 579.508
1312.874 507.500 1384.886 579.512
1312.817 507.500 1384.832 579.515
1312.772 507.500 1384.790 579.518
1312.759 507.500 1384.778 579.519
1312.790 507.500 1384.809 579.518
1312.851 507.500 1384.868 579.518
1312.880 507.500 1384.901 579.521
1312.760 507.500 1384.792 579.532
1312.317 507.500 1384.376 579.559
1311.359 507.500 1383.468 579.609
1309.740 507.500 1381.927 579.687
1307.411 507.500 1379.705 579.795
1304.434 507.500 1376.864 579.929
1300.972 507.500 1373.556 580.084
1297.250 507.500 1370.000 580.250
1293.528 507.500 1366.444 580.416
1290.065 507.500 1363.137 580.571
1287.089 507.500 1360.295 580.706
1284.759 507.500 1358.073 580.813
1283.141 507.500 1356.532 580.891
1282.183 507.500 1355.624 580.941
1281.740 507.500 1355.207 580.968
1281.620 507.500 1355.099 580.979
1281.650 507.500 1355.131 580.981
1281.710 507.500 1355.191 580.981
1281.741 507.500 1355.221 580.980
1281.729 507.500 1355.210 580.981
1281.684 507.500 1355.167 580.983
1281.627 507.500 1355.114 580.987
1281.574 507.500 1355.064 580.991
1281.534 507.500 1355.028 580.994
1281.512 507.500 1355.007 580.996
1281.503 507.500 1355.000 580.997
1281.505 507.500 1355.001 580.996
1281.514 507.500 1355.008 580.994
1281.527 507.500 1355.018 580.991
1281.543 507.500 1355.030 580.988
1281.558 507.500 1355.043 580.984
1281.571 507.500 1355.053 580.982
1281.578 507.499 1355.059 580.981
1281.575 507.499 1355.057 580.981
1281.567 507.500 1355.049 580.982
1281.565 507.500 1355.045 580.979
1281.593 507.500 1355.062 580.969
1281.686 507.500 1355.130 580.944
1281.887 507.499 1355.286 580.898
1282.229 507.497 1355.557 580.824
1282.730 507.493 1355.959 580.722
1283.386 507.488 1356.490 580.592
1284.174 507.482 1357.132 580.441
1285.060 507.478 1357.859 580.277
1286.002 507.477 1358.638 580.113
1286.961 507.480 1359.441 579.960
1287.902 507.486 1360.245 579.828
1288.805 507.489 1361.042 579.726
1289.661 507.477 1361.839 579.655
1290.484 507.435 1362.662 579.613
1291.296 507.343 1363.543 579.590
1292.121 507.187 1364.511 579.577
1292.973 506.963 1365.576 579.566
1293.849 506.676 1366.725 579.552
1294.731 506.344 1367.923 579.535
1295.591 505.987 1369.119 579.515
1296.393 505.631 1370.256 579.493
1297.101 505.301 1371.273 579.473
1297.684 505.018 1372.123 579.456
1298.124 504.800 1372.771 579.446
1298.417 504.650 1373.209 579.443
1298.577 504.566 1373.456 579.445
1298.636 504.531 1373.554 579.450
1298.630 504.528 1373.555 579.453
1298.590 504.540 1373.504 579.455
1298.540 504.555 1373.438 579.453
1298.496 504.566 1373.382 579.451
1298.469 504.570 1373.350 579.451
1298.467 504.567 1373.353 579.452
1298.494 504.558 1373.392 579.456
1298.539 504.545 1373.453 579.460
1298.569 504.535 1373.494 579.460
1298.519 504.536 1373.437 579.455
1298.294 504.563 1373.173 579.443
1297.786 504.631 1372.578 579.424
1296.906 504.752 1371.553 579.399
1295.616 504.933 1370.054 579.371
1293.932 505.169 1368.104 579.342
1291.921 505.452 1365.783 579.314
1289.683 505.766 1363.211 579.294
1287.334 506.095 1360.525 579.286
1284.990 506.420 1357.866 579.296
1282.753 506.728 1355.356 579.332
1280.694 507.008 1353.084 579.398
1278.846 507.254 1351.094 579.501
1277.195 507.467 1349.373 579.645
1275.691 507.656 1347.869 579.834
1274.270 507.830 1346.507 580.067
1272.885 507.996 1345.227 580.338
1271.514 508.158 1343.993 580.637
1270.167 508.316 1342.803 580.952
1268.877 508.466 1341.676 581.265
1267.689 508.605 1340.647 581.562
1266.650 508.725 1339.754 581.828
1265.802 508.823 1339.030 582.051
1265.167 508.896 1338.494 582.223
1264.745 508.943 1338.144 582.342
1264.511 508.969 1337.955 582.414
1264.416 508.979 1337.885 582.448
1264.406 508.977 1337.886 582.457
1264.434 508.971 1337.917 582.454
1264.469 508.963 1337.952 582.446
1264.492 508.957 1337.974 582.440
1264.495 508.954 1337.978 582.437
1264.476 508.956 1337.962 582.441
1264.437 508.963 1337.926 582.451
1264.386 508.973 1337.878 582.465
1264.345 508.980 1337.840 582.475
1264.353 508.973 1337.850 582.470
1264.464 508.935 1337.962 582.433
1264.739 508.847 1338.238 582.346
1265.224 508.695 1338.723 582.194
1265.935 508.475 1339.434 581.974
1266.852 508.192 1340.352 581.691
1267.925 507.862 1341.424 581.361
1269.082 507.507 1342.581 581.006
1270.242 507.151 1343.741 580.650
1271.323 506.820 1344.822 580.319
1272.253 506.535 1345.753 580.035
1272.982 506.312 1346.482 579.812
1273.489 506.157 1346.988 579.657
1273.788 506.065 1347.288 579.565
1273.925 506.023 1347.426 579.523
1273.961 506.012 1347.461 579.512
1273.948 506.016 1347.448 579.516
1273.925 506.022 1347.425 579.523
1273.910 506.026 1347.411 579.527
1273.910 506.026 1347.411 579.527
1273.922 506.022 1347.423 579.523
1273.939 506.017 1347.440 579.518
1273.957 506.011 1347.458 579.512
1273.973 506.007 1347.474 579.507
1273.987 506.003 1347.488 579.504
1274.000 506.000 1347.502 579.502
1274.012 505.998 1347.516 579.501
1274.026 505.995 1347.531 579.501
1274.041 505.992 1347.550 579.501
1274.058 505.990 1347.570 579.502
1274.073 505.987 1347.589 579.503
1274.084 505.985 1347.602 579.504
1274.084 505.986 1347.603 579.505
1274.071 505.988 1347.589 579.506
1274.050 505.992 1347.568 579.510
1274.038 505.994 1347.559 579.514
1274.070 505.988 1347.602 579.521
1274.195 505.967 1347.755 579.527
1274.469 505.922 1348.078 579.531
1274.931 505.845 1348.618 579.532
1275.597 505.734 1349.392 579.528
1276.448 505.592 1350.377 579.521
1277.438 505.427 1351.522 579.511
1278.501 505.250 1352.751 579.500
1279.564 505.073 1353.980 579.489
1280.553 504.908 1355.124 579.479
1281.403 504.766 1356.109 579.472
1282.069 504.655 1356.882 579.468
1282.531 504.578 1357.422 579.469
1282.805 504.533 1357.746 579.473
1282.931 504.511 1357.899 579.479
1282.966 504.506 1357.945 579.485
1282.957 504.507 1357.939 579.489
1282.940 504.510 1357.922 579.491
1282.931 504.511 1357.912 579.492
1282.935 504.511 1357.917 579.493
1282.947 504.509 1357.932 579.493
1282.964 504.506 1357.952 579.494
1282.979 504.504 1357.970 579.495
1282.990 504.502 1357.984 579.496
1282.997 504.501 1357.993 579.497
1283.000 504.500 1357.998 579.498
1283.000 504.500 1357.999 579.499
1282.999 504.500 1357.999 579.499
1282.999 504.500 1357.998 579.500
1282.998 504.500 1357.998 579.500
1282.998 504.500 1357.998 579.500
1282.999 504.500 1357.998 579.500
1282.999 504.500 1357.998 579.500
1282.999 504.500 1357.999 579.500
1283.000 504.500 1357.999 579.500
1283.000 504.500 1358.000 579.500
1283.000 504.500 1358.000 579.500
1283.000 504.500 1358.000 579.500
1283.000 504.500 1358.000 579.500
1283.000 504.500 1358.000 579.500
1283.000 504.500 1358.000 579.500
1283.000 504.500 1358.000 579.500
1283.000 504.500 1358.000 579.500
1283.000 504.500 1358.000 579.500
1283.000 504.500 1358.000 579.500
1283.000 504.500 1358.000 579.500
1283.000 504.500 1358.000 579.500
1283.000 504.500 1358.000 579.500
1283.000 504.500 1358.000 579.500
1283.000 504.500 1358.000 579.500
1283.000 504.500 1358.000 579.500
1283.000 504.500 1358.000 579.500
1283.001 504.500 1358.000 579.500
1283.001 504.500 1358.000 579.499
1283.002 504.501 1358.001 579.499
1283.003 504.501 1358.002 579.499
1283.004 504.501 1358.002 579.499
1283.004 504.501 1358.002 579.499
1283.003 504.501 1358.001 579.499
1283.001 504.500 1358.000 579.499
1283.000 504.500 1357.998 579.498
1283.001 504.500 1357.997 579.497
1283.007 504.502 1358.001 579.495
1283.021 504.505 1358.010 579.494
1283.044 504.511 1358.027 579.493
1283.076 504.518 1358.051 579.494
1283.110 504.526 1358.079 579.495
1283.136 504.533 1358.100 579.496
1283.143 504.534 1358.106 579.496
1283.124 504.530 1358.088 579.493
1283.087 504.521 1358.052 579.486
1283.069 504.517 1358.028 579.476
1283.141 504.534 1358.077 579.470
1283.407 504.598 1358.289 579.479
1283.984 504.735 1358.764 579.516
1284.957 504.967 1359.581 579.591
1286.358 505.301 1360.764 579.708
1288.146 505.728 1362.281 579.863
1290.223 506.224 1364.046 580.046
1292.454 506.756 1365.942 580.245
1294.679 507.289 1367.834 580.444
1296.742 507.784 1369.587 580.629
1298.507 508.208 1371.084 580.786
1299.876 508.540 1372.241 580.905
1300.811 508.769 1373.024 580.983
1301.342 508.902 1373.462 581.023
1301.558 508.962 1373.632 581.035
1301.577 508.975 1373.635 581.033
1301.502 508.966 1373.564 581.027
1301.410 508.952 1373.480 581.022
1301.343 508.944 1373.420 581.021
1301.320 508.943 1373.398 581.021
1301.345 508.949 1373.418 581.023
1301.412 508.960 1373.476 581.024
1301.504 508.973 1373.556 581.025
1301.579 508.983 1373.622 581.026
1301.564 508.984 1373.608 581.028
1301.358 508.967 1373.421 581.030
1300.850 508.925 1372.955 581.031
1299.953 508.850 1372.132 581.029
1298.640 508.740 1370.923 581.024
1296.946 508.599 1369.363 581.016
1294.964 508.434 1367.537 581.006
1292.827 508.256 1365.568 580.996
1290.686 508.077 1363.594 580.985
1288.690 507.911 1361.756 580.977
1286.974 507.768 1360.175 580.970
1285.629 507.656 1358.940 580.968
1284.694 507.579 1358.084 580.969
1284.141 507.533 1357.582 580.973
1283.886 507.511 1357.353 580.979
1283.817 507.506 1357.296 580.985
1283.835 507.507 1357.317 580.989
1283.871 507.510 1357.352 580.991
1283.890 507.512 1357.370 580.992
1283.883 507.511 1357.364 580.992
1283.858 507.509 1357.341 580.992
1283.825 507.506 1357.312 580.993
1283.794 507.504 1357.284 580.994
1283.770 507.502 1357.264 580.995
1283.756 507.501 1357.252 580.996
1283.751 507.500 1357.248 580.997
1283.754 507.501 1357.250 580.996
1283.764 507.502 1357.258 580.996
1283.780 507.504 1357.271 580.994
1283.800 507.506 1357.287 580.993
1283.821 507.509 1357.304 580.992
1283.837 507.511 1357.317 580.992
1283.840 507.512 1357.320 580.992
1283.828 507.510 1357.309 580.991
1283.806 507.507 1357.287 580.989
1283.794 507.506 1357.273 580.984
1283.836 507.511 1357.304 580.979
1283.994 507.533 1357.435 580.973
1284.335 507.578 1357.727 580.969
1284.913 507.655 1358.227 580.969
1285.745 507.766 1358.951 580.972
1286.808 507.908 1359.880 580.980
1288.044 508.073 1360.962 580.990
1289.374 508.250 1362.125 581.001
1290.703 508.427 1363.288 581.012
1291.940 508.592 1364.370 581.022
1293.004 508.734 1365.299 581.029
1293.836 508.845 1366.023 581.032
1294.414 508.922 1366.523 581.031
1294.756 508.967 1366.815 581.027
1294.914 508.989 1366.947 581.021
1294.957 508.994 1366.979 581.016
1294.947 508.993 1366.966 581.013
1294.925 508.990 1366.946 581.011
1294.914 508.989 1366.937 581.012
1294.918 508.989 1366.942 581.013
1294.934 508.991 1366.956 581.013
1294.955 508.994 1366.974 581.013
1294.974 508.996 1366.988 581.011
1294.988 508.998 1366.997 581.008
1294.996 508.999 1367.000 581.004
1294.999 509.000 1366.997 580.998
1294.998 509.000 1366.990 580.992
1294.995 509.000 1366.980 580.984
1294.991 509.000 1366.968 580.977
1294.986 509.000 1366.955 580.969
1294.981 509.000 1366.944 580.963
1294.976 509.000 1366.935 580.959
1294.973 509.000 1366.931 580.959
1294.971 509.000 1366.932 580.961
1294.972 509.000 1366.935 580.963
1294.971 509.000 1366.930 580.959
1294.963 509.000 1366.901 580.938
1294.938 509.000 1366.825 580.887
1294.886 509.000 1366.678 580.792
1294.794 509.000 1366.439 580.645
1294.657 509.000 1366.098 580.441
1294.472 509.000 1365.657 580.184
1294.244 509.000 1365.130 579.886
1293.977 509.000 1364.540 579.563
1293.680 509.000 1363.915 579.235
1293.361 509.000 1363.285 578.924
1293.024 509.000 1362.676 578.652
1292.666 509.000 1362.109 578.442
1292.276 509.000 1361.593 578.316
1291.834 509.000 1361.125 578.291
1291.316 509.000 1360.693 578.377
1290.699 509.000 1360.276 578.577
1289.972 509.000 1359.854 578.881
1289.137 509.000 1359.411 579.274
1288.207 509.000 1358.937 579.730
1287.204 509.000 1358.423 580.220
1286.152 509.000 1357.864 580.712
1285.077 509.000 1357.251 581.174
1283.995 509.000 1356.569 581.575
1282.911 509.000 1355.796 581.885
1281.815 509.000 1354.896 582.081
1280.680 509.000 1353.828 582.148
1279.473 509.000 1352.552 582.079
1278.170 509.000 1351.049 581.879
1276.764 509.000 1349.329 581.565
1275.276 509.000 1347.436 581.160
1273.749 509.000 1345.442 580.693
1272.241 509.000 1343.438 580.197
1270.819 509.000 1341.525 579.706
1269.550 509.000 1339.800 579.251
1268.491 509.000 1338.348 578.857
1267.679 509.000 1337.223 578.544
1267.123 509.000 1336.441 578.318
1266.796 509.000 1335.969 578.173
1266.643 509.000 1335.737 578.094
1266.596 509.000 1335.657 578.061
1266.598 509.000 1335.651 578.053
1266.610 509.000 1335.665 578.055
1266.611 509.000 1335.668 578.057
1266.600 509.000 1335.654 578.054
1266.578 509.000 1335.625 578.047
1266.554 509.000 1335.591 578.037
1266.532 509.000 1335.559 578.026
1266.516 509.000 1335.533 578.017
1266.506 509.000 1335.517 578.011
1266.502 509.000 1335.511 578.008
1266.505 508.999 1335.515 578.009
1266.514 508.998 1335.527 578.012
1266.528 508.996 1335.548 578.017
1266.546 508.994 1335.574 578.022
1266.565 508.991 1335.600 578.026
1266.580 508.989 1335.620 578.029
1266.584 508.989 1335.625 578.030
1266.573 508.990 1335.613 578.030
1266.552 508.993 1335.590 578.031
1266.541 508.994 1335.584 578.037
1266.581 508.989 1335.646 578.054
1266.728 508.967 1335.846 578.086
1267.046 508.922 1336.264 578.140
1267.586 508.845 1336.958 578.218
1268.362 508.734 1337.949 578.321
1269.354 508.592 1339.210 578.449
1270.508 508.427 1340.675 578.594
1271.749 508.250 1342.248 578.749
1272.990 508.073 1343.821 578.904
1274.144 507.908 1345.285 579.049
1275.136 507.766 1346.547 579.177
1275.913 507.655 1347.539 579.281
1276.453 507.578 1348.235 579.360
1276.772 507.533 1348.654 579.414
1276.920 507.511 1348.856 579.447
1276.960 507.506 1348.919 579.464
1276.950 507.507 1348.914 579.471
1276.930 507.510 1348.893 579.473
1276.920 507.511 1348.882 579.473
1276.924 507.511 1348.888 579.475
1276.939 507.509 1348.907 579.477
1276.958 507.506 1348.933 579.482
1276.975 507.504 1348.958 579.486
1276.988 507.502 1348.977 579.491
1276.996 507.501 1348.990 579.494
1276.999 507.500 1348.996 579.497
1277.000 507.500 1348.998 579.498
1276.999 507.500 1348.998 579.499
1276.998 507.500 1348.997 579.499
1276.998 507.500 1348.997 579.499
1276.998 507.500 1348.997 579.499
1276.998 507.500 1348.997 579.499
1276.999 507.500 1348.998 579.499
1276.999 507.500 1348.998 579.499
1277.000 507.500 1348.999 579.499
1277.000 507.500 1348.999 579.500
1277.000 507.500 1349.000 579.500
1277.000 507.500 1349.000 579.500
1277.000 507.500 1349.000 579.500
1277.000 507.500 1349.000 579.500
1277.000 507.500 1349.000 579.500
1277.000 507.500 1349.000 579.500
1277.000 507.500 1349.000 579.500
1277.000 507.500 1349.000 579.500
1277.000 507.500 1349.000 579.500
1277.000 507.500 1349.000 579.500
1277.000 507.500 1349.000 579.500
1277.000 507.500 1349.000 579.500
1277.000 507.500 1349.000 579.500
1277.000 507.500 1349.000 579.500
1277.000 507.500 1349.000 579.500
1277.000 507.500 1349.000 579.500
1277.000 507.500 1349.000 579.500
1277.000 507.500 1349.000 579.500
1277.000 507.500 1349.000 579.500
1277.000 507.500 1349.000 579.500
1277.000 507.500 1349.000 579.500
1277.000 507.500 1349.000 579.500
1277.000 507.500 1349.000 579.500
1277.000 507.500 1349.000 579.500
1277.000 507.500 1349.000 579.500
1277.000 507.500 1349.000 579.500
1277.000 507.500 1349.000 579.500
1277.000 507.500 1349.000 579.500
1277.000 507.500 1349.000 579.500
1277.000 507.500 1349.000 579.500
1277.000 507.500 1349.000 579.500
1277.000 507.500 1349.000 579.500
1277.000 507.500 1349.000 579.500
1277.000 507.500 1349.000 579.500
1277.000 507.500 1349.000 579.500
1277.000 507.500 1349.000 579.500
1277.000 507.500 1349.000 579.500
1277.000 507.500 1349.000 579.500
1277.000 507.500 1349.000 579.500
1277.000 507.500 1349.000 579.500
1277.000 507.500 1349.000 579.500
1277.000 507.500 1349.000 579.500
1277.000 507.500 1349.000 579.500
1277.000 507.500 1349.000 579.500
1277.000 507.500 1349.000 579.500
1277.000 507.500 1349.000 579.500
1277.000 507.500 1349.000 579.500
1277.000 507.500 1349.000 579.500
1277.000 507.500 1349.000 579.500
1277.000 507.500 1349.000 579.500
1277.000 507.500 1349.000 579.500
1277.000 507.500 1349.000 579.500
1277.000 507.500 1349.000 579.500
1277.000 507.500 1349.000 579.500
1277.000 507.500 1349.000 579.500
1277.000 507.500 1349.000 579.500
1277.000 507.500 1349.000 579.500
1277.000 507.500 1349.000 579.500
1277.000 507.500 1349.000 579.500
1277.000 507.500 1349.000 579.500
1277.000 507.500 1349.000 579.500
1277.000 507.500 1349.000 579.500
1277.000 507.500 1349.000 579.500
1277.000 507.500 1349.000 579.500
1277.001 507.500 1349.001 579.500
1277.001 507.500 1349.001 579.500
1277.002 507.500 1349.002 579.500
1277.003 507.500 1349.003 579.500
1277.004 507.500 1349.004 579.500
1277.004 507.500 1349.004 579.500
1277.003 507.500 1349.003 579.500
1277.001 507.500 1349.001 579.500
1277.000 507.500 1349.000 579.500
1277.001 507.500 1349.001 579.500
1277.008 507.500 1349.008 579.500
1277.023 507.500 1349.023 579.500
1277.049 507.500 1349.049 579.500
1277.083 507.500 1349.084 579.500
1277.121 507.500 1349.121 579.500
1277.150 507.500 1349.151 579.500
1277.158 507.500 1349.158 579.501
1277.137 507.500 1349.137 579.501
1277.097 507.500 1349.097 579.501
1277.077 507.500 1349.078 579.501
1277.158 507.500 1349.159 579.501
1277.453 507.500 1349.455 579.502
1278.087 507.499 1350.091 579.503
1279.158 507.498 1351.163 579.504
1280.695 507.497 1352.703 579.505
1282.658 507.494 1354.669 579.506
1284.941 507.491 1356.956 579.507
1287.398 507.489 1359.417 579.508
1289.864 507.489 1361.886 579.510
1292.170 507.490 1364.194 579.514
1294.161 507.493 1366.187 579.519
1295.709 507.494 1367.739 579.525
1296.729 507.489 1368.769 579.528
1297.191 507.468 1369.251 579.527
1297.119 507.422 1369.214 579.517
1296.578 507.346 1368.727 579.495
1295.650 507.237 1367.875 579.462
1294.417 507.098 1366.740 579.421
1292.954 506.936 1365.395 579.377
1291.329 506.761 1363.903 579.335
1289.601 506.584 1362.320 579.304
1287.821 506.418 1360.693 579.290
1286.030 506.273 1359.060 579.304
1284.244 506.161 1357.439 579.356
1282.450 506.090 1355.819 579.459
1280.602 506.065 1354.162 579.624
1278.639 506.090 1352.411 579.862
1276.506 506.161 1350.519 580.173
1274.185 506.273 1348.467 580.555
1271.705 506.418 1346.281 580.993
1269.137 506.584 1344.021 581.468
1266.583 506.761 1341.778 581.955
1264.161 506.936 1339.653 582.427
1261.990 507.098 1337.751 582.859
1260.171 507.237 1336.161 583.227
1258.774 507.346 1334.944 583.517
1257.814 507.422 1334.114 583.722
1257.250 507.468 1333.633 583.850
1256.989 507.488 1333.417 583.917
1256.916 507.494 1333.365 583.943
1256.932 507.492 1333.388 583.948
1256.966 507.488 1333.424 583.946
1256.986 507.486 1333.445 583.945
1256.980 507.486 1333.442 583.948
1256.953 507.487 1333.422 583.956
1256.915 507.490 1333.391 583.965
1256.874 507.492 1333.356 583.975
1256.832 507.495 1333.320 583.984
1256.789 507.498 1333.281 583.990
1256.740 507.501 1333.234 583.995
1256.679 507.503 1333.173 583.998
1256.598 507.507 1333.090 583.999
1256.493 507.511 1332.982 584.000
1256.367 507.515 1332.852 584.000
1256.233 507.521 1332.714 584.001
1256.119 507.525 1332.595 584.002
1256.055 507.528 1332.529 584.002
1256.064 507.529 1332.535 584.000
1256.122 507.528 1332.590 583.997
1256.128 507.529 1332.593 583.993
1255.877 507.536 1332.332 583.991
1255.060 507.560 1331.496 583.996
1253.322 507.613 1329.724 584.015
1250.362 507.706 1326.710 584.054
1246.022 507.845 1322.296 584.118
1240.319 508.033 1316.495 584.208
1233.418 508.263 1309.477 584.322
1225.584 508.529 1301.510 584.454
1217.132 508.818 1292.912 584.598
1208.377 509.121 1284.003 584.747
1199.601 509.440 1275.060 584.899
1191.016 509.788 1266.287 585.059
1182.738 510.200 1257.785 585.247
1174.770 510.728 1249.535 585.493
1167.019 511.427 1241.423 585.831
1159.346 512.339 1233.293 586.285
1151.624 513.473 1225.014 586.863
1143.774 514.804 1216.515 587.545
1135.771 516.272 1207.793 588.294
1127.632 517.798 1198.897 589.063
1119.401 519.289 1189.907 589.795
1111.129 520.655 1180.911 590.436
1102.859 521.816 1171.983 590.941
1094.618 522.719 1163.177 591.278
1086.414 523.344 1154.510 591.439
1078.232 523.712 1145.967 591.447
1070.046 523.884 1137.509 591.347
1061.829 523.933 1129.089 591.193
1053.568 523.925 1120.672 591.029
1045.268 523.906 1112.245 590.882
1036.953 523.897 1103.818 590.762
1028.662 523.905 1095.420 590.663
1020.439 523.925 1087.090 590.576
1012.325 523.948 1078.865 590.488
1004.346 523.970 1070.765 590.389
996.498 523.986 1062.782 590.270
988.739 523.995 1054.869 590.124
980.997 523.999 1046.946 589.948
973.187 523.999 1038.925 589.738
965.247 523.998 1030.743 589.495
957.172 523.997 1022.398 589.223
949.025 523.996 1013.958 588.929
940.923 523.996 1005.551 588.624
933.024 523.996 997.348 588.320
925.509 523.996 989.541 588.029
918.558 523.997 982.326 587.765
912.332 523.998 975.878 587.543
906.948 523.999 970.324 587.375
902.452 524.000 965.721 587.270
898.806 524.000 962.040 587.234
895.894 523.998 959.166 587.270
893.554 523.994 956.934 587.373
891.621 523.987 955.173 587.538
889.956 523.977 953.733 587.754
888.451 523.966 952.494 588.009
887.028 523.958 951.364 588.294
885.621 523.956 950.263 588.597
884.173 523.962 949.118 588.907
882.625 523.973 947.861 589.208
880.922 523.978 946.425 589.480
879.018 523.954 944.757 589.693
876.880 523.870 942.824 589.815
874.497 523.691 940.617 589.811
871.878 523.389 938.149 589.660
869.044 522.956 935.449 589.360
866.028 522.403 932.554 588.928
862.867 521.758 929.506 588.397
859.598 521.061 926.347 587.810
856.261 520.356 923.120 587.215
852.884 519.689 919.857 586.662
849.482 519.107 916.575 586.200
846.038 518.654 913.265 585.881
842.499 518.372 909.879 585.752
838.780 518.293 906.339 585.852
834.787 518.436 902.557 586.206
830.458 518.799 898.473 586.814
825.794 519.362 894.086 587.654
820.872 520.087 889.465 588.681
815.834 520.923 884.743 589.832
810.868 521.813 880.092 591.037
806.185 522.695 875.708 592.219
801.997 523.511 871.789 593.303
798.485 524.209 868.501 594.225
795.769 524.751 865.958 594.940
793.878 525.123 864.185 595.431
792.730 525.337 863.106 595.712
792.154 525.426 862.558 595.830
791.939 525.438 862.343 595.841
791.898 525.413 862.285 595.801
791.902 525.381 862.270 595.748
791.891 525.358 862.242 595.709
791.856 525.350 862.199 595.693
791.815 525.358 862.161 595.704
791.787 525.378 862.147 595.738
791.767 525.406 862.143 595.782
791.704 525.429 862.084 595.809
791.489 525.427 861.841 595.778
790.967 525.373 861.226 595.633
789.961 525.237 860.037 595.314
788.332 524.994 858.112 594.774
786.023 524.632 855.386 593.995
783.067 524.158 851.903 592.994
779.578 523.592 847.802 591.816
775.721 522.962 843.285 590.527
771.687 522.305 838.588 589.205
767.670 521.653 833.945 587.928
763.844 521.037 829.571 586.764
760.352 520.480 825.634 585.761
757.283 519.990 822.235 584.942
754.662 519.566 819.393 584.297
752.450 519.192 817.053 583.795
750.568 518.851 815.106 583.389
748.920 518.526 813.432 583.039
747.419 518.210 811.924 582.715
745.995 517.901 810.500 582.406
744.594 517.607 809.099 582.111
743.173 517.334 807.676 581.838
741.690 517.094 806.191 581.595
740.105 516.896 804.598 581.388
738.375 516.747 802.841 581.213
736.456 516.655 800.858 581.057
734.311 516.623 798.586 580.899
731.911 516.651 795.974 580.714
729.247 516.739 792.992 580.484
726.328 516.882 789.644 580.198
723.178 517.074 785.964 579.860
719.832 517.308 782.011 579.487
716.332 517.577 777.861 579.106
712.724 517.873 773.600 578.748
709.049 518.188 769.311 578.450
705.340 518.517 765.069 578.247
701.615 518.858 760.933 578.176
697.871 519.213 756.930 578.272
694.086 519.589 753.059 578.562
690.223 519.997 749.291 579.065
686.249 520.448 745.586 579.786
682.148 520.950 741.909 580.711
677.933 521.504 738.240 581.810
673.642 522.105 734.575 583.038
669.327 522.745 730.925 584.343
665.053 523.413 727.308 585.668
660.881 524.100 723.743 586.962
656.862 524.803 720.242 588.183
653.020 525.525 716.805 589.311
649.347 526.283 713.411 590.348
645.801 527.101 710.023 591.323
642.322 528.005 706.597 592.280
638.852 529.012 703.103 593.263
635.367 530.123 699.541 594.298
631.883 531.318 695.951 595.386
628.457 532.563 692.403 596.509
625.173 533.817 688.989 597.633
622.131 535.031 685.814 598.714
619.430 536.153 682.982 599.705
617.154 537.123 680.589 600.557
615.355 537.863 678.704 601.213
614.032 538.286 677.359 601.613
613.132 538.294 676.536 601.698
612.554 537.805 676.171 601.423
612.180 536.777 676.176 600.772
611.912 535.226 676.459 599.772
611.682 533.230 676.942 598.489
611.460 530.914 677.561 597.015
611.237 528.435 678.265 595.463
611.021 525.964 679.008 593.951
610.822 523.669 679.746 592.593
610.652 521.701 680.447 591.496
610.525 520.172 681.090 590.736
610.460 519.135 681.679 590.353
610.482 518.575 682.240 590.333
610.617 518.418 682.819 590.620
610.890 518.554 683.467 591.131
611.313 518.881 684.221 591.788
611.884 519.319 685.098 592.532
612.587 519.817 686.091 593.320
613.396 520.345 687.176 594.125
614.280 520.886 688.318 594.924
615.212 521.435 689.480 595.704
616.180 522.008 690.641 596.469
617.197 522.655 691.802 597.260
618.308 523.469 692.997 598.157
619.591 524.586 694.293 599.288
621.130 526.154 695.766 600.790
622.990 528.281 697.477 602.768
625.184 530.994 699.442 605.251
627.666 534.224 701.621 608.179
630.340 537.821 703.931 611.412
633.075 541.583 706.255 614.764
635.722 545.277 708.463 618.018
638.132 548.671 710.418 620.957
640.169 551.560 711.996 623.387
641.730 553.787 713.100 625.157
642.759 555.278 713.670 626.189
643.259 556.051 713.703 626.494
643.289 556.207 713.245 626.163
642.941 555.894 712.378 625.331
642.315 555.258 711.198 624.141
641.496 554.413 709.795 622.711
640.550 553.433 708.247 621.130
639.527 552.366 706.624 619.462
638.467 551.239 704.988 617.760
637.403 550.069 703.402 616.068
636.364 548.859 701.921 614.416
635.371 547.585 700.594 612.808
634.430 546.197 699.452 611.218
633.532 544.609 698.503 609.580
632.655 542.725 697.737 607.807
631.773 540.474 697.127 605.828
630.873 537.840 696.643 603.610
629.955 534.875 696.259 601.178
629.033 531.686 695.953 598.605
628.132 528.425 695.707 596.000
627.279 525.261 695.506 593.488
626.509 522.364 695.342 591.197
625.857 519.883 695.214 589.240
625.362 517.920 695.136 587.694
625.065 516.508 695.142 586.585
625.009 515.603 695.279 585.873
625.231 515.092 695.606 585.467
625.749 514.834 696.169 585.254
626.562 514.702 696.992 585.132
627.645 514.608 698.073 585.036
628.957 514.506 699.383 584.931
630.444 514.378 700.873 584.807
632.049 514.227 702.487 584.666
633.715 514.063 704.167 584.515
635.397 513.903 705.863 584.369
637.066 513.781 707.544 584.259
638.717 513.749 709.203 584.236
640.369 513.880 710.859 584.371
642.061 514.255 712.551 584.745
643.832 514.936 714.318 585.421
645.701 515.948 716.181 586.427
647.665 517.272 718.138 587.744
649.697 518.849 720.162 589.314
651.750 520.595 722.210 591.056
653.771 522.412 724.230 592.872
655.703 524.204 726.164 594.665
657.495 525.885 727.957 596.347
659.107 527.391 729.565 597.849
660.515 528.694 730.952 599.131
661.717 529.802 732.103 600.188
662.732 530.753 733.025 601.046
663.594 531.600 733.741 601.746
664.340 532.389 734.283 602.333
665.006 533.148 734.693 602.835
665.622 533.884 735.012 603.274
666.215 534.593 735.281 603.660
666.805 535.262 735.543 603.999
667.415 535.870 735.841 604.295
668.064 536.390 736.217 604.543
668.768 536.782 736.711 604.725
669.541 536.989 737.358 604.806
670.390 536.940 738.183 604.733
671.314 536.563 739.195 604.445
672.309 535.807 740.394 603.893
673.369 534.661 741.765 603.057
674.490 533.157 743.284 601.951
675.666 531.361 744.922 600.617
676.897 529.364 746.646 599.113
678.179 527.269 748.421 597.511
679.514 525.176 750.215 595.877
680.903 523.173 752.001 594.271
682.354 521.325 753.760 592.731
683.878 519.659 755.490 591.270
685.492 518.163 757.200 589.871
687.215 516.794 758.916 588.494
689.063 515.498 760.663 587.098
691.041 514.231 762.465 585.656
693.144 512.977 764.336 584.169
695.359 511.741 766.279 582.661
697.664 510.548 768.289 581.174
700.035 509.432 770.359 579.756
702.449 508.435 772.477 578.463
704.890 507.599 774.637 577.347
707.350 506.972 776.841 576.462
709.838 506.602 779.098 575.862
712.374 506.535 781.428 575.589
714.985 506.806 783.854 575.674
717.695 507.424 786.391 576.121
720.509 508.369 789.042 576.902
723.413 509.588 791.788 577.963
726.374 511.007 794.596 579.228
729.346 512.535 797.423 580.611
732.276 514.075 800.218 582.017
735.111 515.532 802.935 583.356
737.810 516.821 805.536 584.546
740.350 517.880 807.999 585.529
742.732 518.683 810.326 586.277
744.987 519.242 812.546 586.801
747.161 519.606 814.700 587.145
749.299 519.841 816.829 587.371
751.427 520.009 818.952 587.535
753.539 520.151 821.062 587.675
755.604 520.289 823.126 587.810
757.574 520.428 825.092 587.947
759.388 520.565 826.903 588.080
760.984 520.691 828.495 588.202
762.300 520.798 829.808 588.306
763.282 520.877 830.787 588.383
763.891 520.917 831.394 588.420
764.105 520.905 831.607 588.407
763.931 520.828 831.432 588.329
763.397 520.679 830.898 588.180
762.560 520.459 830.061 587.960
761.486 520.176 828.987 587.677
760.256 519.847 827.757 587.348
758.952 519.494 826.453 586.995
757.661 519.142 825.162 586.642
756.466 518.813 823.966 586.314
755.439 518.531 822.939 586.031
754.634 518.310 822.135 585.810
754.074 518.156 821.574 585.656
753.740 518.065 821.240 585.565
753.585 518.022 821.085 585.523
753.542 518.011 821.042 585.511
753.552 518.014 821.052 585.514
753.573 518.020 821.073 585.520
753.584 518.023 821.084 585.523
753.581 518.022 821.081 585.522
753.566 518.018 821.066 585.518
753.546 518.012 821.046 585.512
753.528 518.007 821.028 585.507
753.514 518.003 821.014 585.503
753.505 518.001 821.005 585.501
753.501 518.000 821.001 585.500
753.499 518.000 820.999 585.500
753.499 518.000 820.999 585.500
753.499 518.000 820.999 585.501
753.498 518.000 820.999 585.501
753.497 518.000 820.998 585.501
753.496 518.000 820.997 585.501
753.496 518.000 820.996 585.501
753.495 518.000 820.996 585.501
753.496 518.000 820.997 585.501
753.497 518.000 820.998 585.501
753.498 518.000 820.999 585.501
753.495 518.000 820.997 585.502
753.487 517.999 820.990 585.502
753.470 517.998 820.975 585.503
753.442 517.997 820.950 585.505
753.403 517.994 820.915 585.506
753.359 517.992 820.874 585.507
753.317 517.990 820.836 585.508
753.289 517.988 820.811 585.509
753.282 517.987 820.806 585.511
753.292 517.987 820.817 585.513
753.286 517.987 820.816 585.517
753.203 517.983 820.743 585.522
752.946 517.970 820.505 585.529
752.402 517.942 819.996 585.537
751.473 517.895 819.122 585.544
750.106 517.824 817.832 585.549
748.300 517.729 816.124 585.553
746.099 517.612 814.042 585.555
743.583 517.478 811.660 585.555
740.843 517.332 809.066 585.555
737.972 517.177 806.347 585.553
735.044 517.016 803.578 585.551
732.106 516.846 800.803 585.543
729.162 516.657 798.030 585.525
726.175 516.435 795.227 585.487
723.079 516.163 792.334 585.418
719.809 515.830 789.290 585.311
716.325 515.432 786.058 585.165
712.632 514.979 782.639 584.985
708.772 514.489 779.067 584.784
704.813 513.987 775.402 584.577
700.838 513.501 771.716 584.379
696.936 513.060 768.081 584.205
693.185 512.688 764.559 584.062
689.649 512.402 761.197 583.950
686.369 512.207 758.015 583.853
683.353 512.095 755.001 583.744
680.582 512.048 752.122 583.588
678.017 512.041 749.328 583.353
675.612 512.053 746.577 583.019
673.325 512.068 743.839 582.582
671.123 512.078 741.101 582.056
668.981 512.080 738.365 581.464
666.878 512.074 735.640 580.837
664.793 512.061 732.937 580.204
662.698 512.043 730.252 579.597
660.554 512.030 727.566 579.042
658.308 512.031 724.841 578.564
655.906 512.066 722.023 578.183
653.301 512.151 719.060 577.910
650.475 512.302 715.922 577.749
647.450 512.524 712.617 577.691
644.287 512.809 709.195 577.717
641.081 513.142 705.744 577.805
637.946 513.500 702.372 577.926
635.008 513.859 699.200 578.051
632.391 514.191 696.352 578.152
630.210 514.476 693.940 578.206
628.560 514.698 692.056 578.193
627.498 514.849 690.754 578.104
627.040 514.935 690.045 577.940
627.152 514.969 689.895 577.712
627.769 514.972 690.234 577.438
628.810 514.960 690.986 577.136
630.194 514.945 692.072 576.823
631.850 514.934 693.427 576.512
633.710 514.930 694.993 576.213
635.715 514.934 696.719 575.938
637.810 514.945 698.561 575.696
639.951 514.960 700.488 575.498
642.112 514.972 702.491 575.351
644.292 514.969 704.584 575.262
646.521 514.935 706.815 575.229
648.849 514.851 709.246 575.249
651.324 514.704 711.933 575.313
653.976 514.488 714.899 575.411
656.802 514.210 718.127 575.535
659.771 513.885 721.560 575.674
662.831 513.534 725.117 575.819
665.919 513.179 728.700 575.960
668.970 512.845 732.212 576.087
671.922 512.556 735.560 576.194
674.724 512.331 738.672 576.278
677.341 512.185 741.500 576.344
679.757 512.128 744.029 576.401
681.980 512.161 746.278 576.460
684.033 512.277 748.289 576.533
685.953 512.465 750.117 576.629
687.775 512.712 751.815 576.752
689.534 512.999 753.435 576.900
691.265 513.313 755.020 577.068
692.997 513.637 756.608 577.248
694.760 513.955 758.237 577.432
696.585 514.254 759.945 577.614
698.502 514.525 761.773 577.796
700.540 514.762 763.763 577.986
702.722 514.967 765.953 578.197
705.063 515.146 768.368 578.451
707.564 515.307 771.020 578.762
710.212 515.458 773.897 579.143
712.980 515.603 776.969 579.592
715.835 515.744 780.191 580.101
718.736 515.883 783.507 580.654
721.640 516.018 786.858 581.236
724.510 516.146 790.191 581.827
727.317 516.260 793.465 582.408
730.054 516.347 796.668 582.961
732.737 516.384 799.818 583.465
735.408 516.339 802.966 583.897
738.120 516.182 806.176 584.238
740.914 515.889 809.501 584.475
743.799 515.454 812.953 584.608
746.744 514.894 816.495 584.645
749.682 514.239 820.047 584.605
752.522 513.534 823.496 584.507
755.163 512.826 826.714 584.377
757.500 512.165 829.570 584.235
759.438 511.593 831.943 584.098
760.901 511.142 833.738 583.979
761.844 510.823 834.896 583.876
762.258 510.630 835.406 583.778
762.168 510.535 835.298 583.665
761.625 510.502 834.639 583.517
760.686 510.500 833.504 583.318
759.409 510.506 831.972 583.069
757.849 510.509 830.119 582.779
756.060 510.507 828.020 582.467
754.096 510.505 825.747 582.155
751.997 510.505 823.357 581.865
749.767 510.506 820.871 581.609
747.347 510.498 818.236 581.388
744.587 510.463 815.309 581.186
741.250 510.372 811.851 580.973
737.055 510.196 807.573 580.714
731.762 509.913 802.225 580.376
725.245 509.516 795.672 579.944
717.520 509.016 787.924 579.420
708.729 508.431 779.118 578.820
699.094 507.785 769.478 578.168
688.882 507.104 759.268 577.491
678.358 506.423 748.755 576.820
667.761 505.795 738.165 576.198
657.267 505.302 727.655 575.689
646.971 505.068 717.286 575.383
636.868 505.247 707.015 575.393
626.875 505.990 696.715 575.831
616.868 507.404 686.234 576.770
606.739 509.503 675.454 578.218
596.422 512.209 664.327 580.114
585.901 515.361 652.875 582.334
575.199 518.745 641.179 584.724
564.360 522.122 629.347 587.108
553.437 525.254 617.497 589.315
542.475 527.935 605.732 591.193
531.509 530.017 594.126 592.633
520.559 531.441 582.712 593.593
509.628 532.250 571.483 594.105
498.702 532.572 560.396 594.266
487.764 532.574 549.389 594.199
476.795 532.399 538.402 594.006
465.782 532.135 527.392 593.745
454.719 531.816 516.332 593.428
443.604 531.427 505.211 593.034
432.438 530.934 494.031 592.526
421.225 530.293 482.797 591.865
409.965 529.467 471.515 591.017
398.661 528.431 460.191 589.961
387.314 527.170 448.827 588.684
375.922 525.681 437.423 587.181
0.000 0.000 0.000 0.000
0.000 0.000 0.000 0.000
0.000 0.000 0.000 0.000
0.000 0.000 0.000 0.000
0.000 0.000 0.000 0.000
0.000 0.000 0.000 0.000
0.000 0.000 0.000 0.000
0.000 0.000 0.000 0.000
0.000 0.000 0.000 0.000
0.000 0.000 0.000 0.000
0.000 0.000 0.000 0.000
0.000 0.000 0.000 0.000
0.000 0.000 0.000 0.000
0.000 0.000 0.000 0.000
0.000 0.000 0.000 0.000
0.000 0.000 0.000 0.000
0.000 0.000 0.000 0.000
0.000 0.000 0.000 0.000
0.000 0.000 0.000 0.000
0.000 0.000 0.000 0.000
0.000 0.000 0.000 0.000
0.000 0.000 0.000 0.000
0.000 0.000 0.000 0.000
0.000 0.000 0.000 0.000
0.000 0.000 0.000 0.000
0.000 0.000 0.000 0.000
0.000 0.000 0.000 0.000
0.000 0.000 0.000 0.000
0.000 0.000 0.000 0.000
0.000 0.000 0.000 0.000
0.000 0.000 0.000 0.000
0.000 0.000 0.000 0.000
0.000 0.000 0.000 0.000
0.000 0.000 0.000 0.000
0.000 0.000 0.000 0.000
0.000 0.000 0.000 0.000
0.000 0.000 0.000 0.000
0.000 0.000 0.000 0.000
0.000 0.000 0.000 0.000
0.000 0.000 0.000 0.000
0.000 0.000 0.000 0.000
0.000 0.000 0.000 0.000
0.000 0.000 0.000 0.000
0.000 0.000 0.000 0.000
0.000 0.000 0.000 0.000
0.000 0.000 0.000 0.000
0.000 0.000 0.000 0.000
0.000 0.000 0.000 0.000
0.000 0.000 0.000 0.000
0.000 0.000 0.000 0.000
0.000 0.000 0.000 0.000
0.000 0.000 0.000 0.000
0.000 0.000 0.000 0.000
0.000 0.000 0.000 0.000
0.000 0.000 0.000 0.000
0.000 0.000 0.000 0.000
0.000 0.000 0.000 0.000
0.000 0.000 0.000 0.000
0.000 0.000 0.000 0.000
0.000 0.000 0.000 0.000
0.000 0.000 0.000 0.000
0.000 0.000 0.000 0.000
0.000 0.000 0.000 0.000
0.000 0.000 0.000 0.000
0.000 0.000 0.000 0.000
0.000 0.000 0.000 0.000
0.000 0.000 0.000 0.000
0.000 0.000 0.000 0.000
0.000 0.000 0.000 0.000
0.000 0.000 0.000 0.000
0.000 0.000 0.000 0.000
0.000 0.000 0.000 0.000
0.000 0.000 0.000 0.000
0.000 0.000 0.000 0.000
0.000 0.000 0.000 0.000
0.000 0.000 0.000 0.000
0.000 0.000 0.000 0.000
0.000 0.000 0.000 0.000
0.000 0.000 0.000 0.000
0.000 0.000 0.000 0.000
0.000 0.000 0.000 0.000
0.000 0.000 0.000 0.000
0.000 0.000 0.000 0.000
0.000 0.000 0.000 0.000
0.000 0.000 0.000 0.000
0.000 0.000 0.000 0.000
0.000 0.000 0.000 0.000
0.000 0.000 0.000 0.000
0.000 0.000 0.000 0.000
0.000 0.000 0.000 0.000
0.000 0.000 0.000 0.000
0.000 0.000 0.000 0.000
0.000 0.000 0.000 0.000
0.000 0.000 0.000 0.000
0.000 0.000 0.000 0.000
0.000 0.000 0.000 0.000
0.000 0.000 0.000 0.000
0.000 0.000 0.000 0.000
0.000 0.000 0.000 0.000
0.000 0.000 0.000 0.000
0.000 0.000 0.000 0.000
0.000 0.000 0.000 0.000
0.000 0.000 0.000 0.000
0.000 0.000 0.000 0.000
0.000 0.000 0.000 0.000
0.000 0.000 0.000 0.000
0.000 0.000 0.000 0.000
0.000 0.000 0.000 0.000
0.000 0.000 0.000 0.000
0.000 0.000 0.000 0.000
0.000 0.000 0.000 0.000
0.000 0.000 0.000 0.000
0.000 0.000 0.000 0.000
0.000 0.000 0.000 0.000
0.000 0.000 0.000 0.000
0.000 0.000 0.000 0.000
0.000 0.000 0.000 0.000
0.000 0.000 0.000 0.000
0.000 0.000 0.000 0.000
0.000 0.000 0.000 0.000
0.000 0.000 0.000 0.000
0.000 0.000 0.000 0.000
0.000 0.000 0.000 0.000
0.000 0.000 0.000 0.000
0.000 0.000 0.000 0.000
0.000 0.000 0.000 0.000
0.000 0.000 0.000 0.000
0.000 0.000 0.000 0.000
0.000 0.000 0.000 0.000
0.000 0.000 0.000 0.000
0.000 0.000 0.000 0.000
0.000 0.000 0.000 0.000
0.000 0.000 0.000 0.000
0.000 0.000 0.000 0.000
0.000 0.000 0.000 0.000
0.000 0.000 0.000 0.000
0.000 0.000 0.000 0.000
0.000 0.000 0.000 0.000
0.000 0.000 0.000 0.000
0.000 0.000 0.000 0.000
0.000 0.000 0.000 0.000
0.000 0.000 0.000 0.000
0.000 0.000 0.000 0.000
0.000 0.000 0.000 0.000
0.000 0.000 0.000 0.000
0.000 0.000 0.000 0.000
0.000 0.000 0.000 0.000
0.000 0.000 0.000 0.000
0.000 0.000 0.000 0.000
0.000 0.000 0.000 0.000
0.000 0.000 0.000 0.000
0.000 0.000 0.000 0.000
0.000 0.000 0.000 0.000
0.000 0.000 0.000 0.000
0.000 0.000 0.000 0.000
0.000 0.000 0.000 0.000
0.000 0.000 0.000 0.000
0.000 0.000 0.000 0.000
0.000 0.000 0.000 0.000
0.000 0.000 0.000 0.000
0.000 0.000 0.000 0.000
0.000 0.000 0.000 0.000
0.000 0.000 0.000 0.000
0.000 0.000 0.000 0.000
0.000 0.000 0.000 0.000
0.000 0.000 0.000 0.000
0.000 0.000 0.000 0.000
0.000 0.000 0.000 0.000
0.000 0.000 0.000 0.000
0.000 0.000 0.000 0.000
0.000 0.000 0.000 0.000
0.000 0.000 0.000 0.000
0.000 0.000 0.000 0.000
0.000 0.000 0.000 0.000
0.000 0.000 0.000 0.000
0.000 0.000 0.000 0.000
0.000 0.000 0.000 0.000
0.000 0.000 0.000 0.000
0.000 0.000 0.000 0.000
0.000 0.000 0.000 0.000
0.000 0.000 0.000 0.000
0.000 0.000 0.000 0.000
0.000 0.000 0.000 0.000
0.000 0.000 0.000 0.000
0.000 0.000 0.000 0.000
0.000 0.000 0.000 0.000
0.000 0.000 0.000 0.000
0.000 0.000 0.000 0.000
0.000 0.000 0.000 0.000
0.000 0.000 0.000 0.000
0.000 0.000 0.000 0.000
0.000 0.000 0.000 0.000
0.000 0.000 0.000 0.000
0.000 0.000 0.000 0.000
0.000 0.000 0.000 0.000
0.000 0.000 0.000 0.000
0.000 0.000 0.000 0.000
0.000 0.000 0.000 0.000
0.000 0.000 0.000 0.000
0.000 0.000 0.000 0.000
0.000 0.000 0.000 0.000
0.000 0.000 0.000 0.000
0.000 0.000 0.000 0.000
0.000 0.000 0.000 0.000
0.000 0.000 0.000 0.000
0.000 0.000 0.000 0.000
0.000 0.000 0.000 0.000
0.000 0.000 0.000 0.000
0.000 0.000 0.000 0.000
0.000 0.000 0.000 0.000
0.000 0.000 0.000 0.000
0.000 0.000 0.000 0.000
0.000 0.000 0.000 0.000
0.000 0.000 0.000 0.000
0.000 0.000 0.000 0.000
0.000 0.000 0.000 0.000
0.000 0.000 0.000 0.000
0.000 0.000 0.000 0.000
0.000 0.000 0.000 0.000
0.000 0.000 0.000 0.000
0.000 0.000 0.000 0.000
0.000 0.000 0.000 0.000
0.000 0.000 0.000 0.000
0.000 0.000 0.000 0.000
0.000 0.000 0.000 0.000
0.000 0.000 0.000 0.000
0.000 0.000 0.000 0.000
0.000 0.000 0.000 0.000
0.000 0.000 0.000 0.000
0.000 0.000 0.000 0.000
0.000 0.000 0.000 0.000
0.000 0.000 0.000 0.000
0.000 0.000 0.000 0.000
0.000 0.000 0.000 0.000
0.000 0.000 0.000 0.000
0.000 0.000 0.000 0.000
0.000 0.000 0.000 0.000
0.000 0.000 0.000 0.000
0.000 0.000 0.000 0.000
0.000 0.000 0.000 0.000
0.000 0.000 0.000 0.000
0.000 0.000 0.000 0.000
0.000 0.000 0.000 0.000
0.000 0.000 0.000 0.000
0.000 0.000 0.000 0.000
0.000 0.000 0.000 0.000
0.000 0.000 0.000 0.000
0.000 0.000 0.000 0.000
0.000 0.000 0.000 0.000
0.000 0.000 0.000 0.000
0.000 0.000 0.000 0.000
0.000 0.000 0.000 0.000
0.000 0.000 0.000 0.000
0.000 0.000 0.000 0.000
0.000 0.000 0.000 0.000
0.000 0.000 0.000 0.000
0.000 0.000 0.000 0.000
0.000 0.000 0.000 0.000
0.000 0.000 0.000 0.000
0.000 0.000 0.000 0.000
0.000 0.000 0.000 0.000
0.000 0.000 0.000 0.000
0.000 0.000 0.000 0.000
0.000 0.000 0.000 0.000
0.000 0.000 0.000 0.000
0.000 0.000 0.000 0.000
0.000 0.000 0.000 0.000
0.000 0.000 0.000 0.000
0.000 0.000 0.000 0.000
0.000 0.000 0.000 0.000
0.000 0.000 0.000 0.000
0.000 0.000 0.000 0.000
0.000 0.000 0.000 0.000
0.000 0.000 0.000 0.000
0.000 0.000 0.000 0.000
0.000 0.000 0.000 0.000
0.000 0.000 0.000 0.000
0.000 0.000 0.000 0.000
0.000 0.000 0.000 0.000
0.000 0.000 0.000 0.000
0.000 0.000 0.000 0.000
0.000 0.000 0.000 0.000
0.000 0.000 0.000 0.000
0.000 0.000 0.000 0.000
0.000 0.000 0.000 0.000
0.000 0.000 0.000 0.000
0.000 0.000 0.000 0.000
0.000 0.000 0.000 0.000
0.000 0.000 0.000 0.000
0.000 0.000 0.000 0.000
0.000 0.000 0.000 0.000
0.000 0.000 0.000 0.000
0.000 0.000 0.000 0.000
0.000 0.000 0.000 0.000
0.000 0.000 0.000 0.000
0.000 0.000 0.000 0.000
0.000 0.000 0.000 0.000
0.000 0.000 0.000 0.000
0.000 0.000 0.000 0.000
0.000 0.000 0.000 0.000
0.000 0.000 0.000 0.000
0.000 0.000 0.000 0.000
0.000 0.000 0.000 0.000
0.000 0.000 0.000 0.000
0.000 0.000 0.000 0.000
0.000 0.000 0.000 0.000
0.000 0.000 0.000 0.000
0.000 0.000 0.000 0.000
0.000 0.000 0.000 0.000
0.000 0.000 0.000 0.000
0.000 0.000 0.000 0.000
0.000 0.000 0.000 0.000
0.000 0.000 0.000 0.000
0.000 0.000 0.000 0.000
0.000 0.000 0.000 0.000
0.000 0.000 0.000 0.000
0.000 0.000 0.000 0.000
0.000 0.000 0.000 0.000
0.000 0.000 0.000 0.000
0.000 0.000 0.000 0.000
0.000 0.000 0.000 0.000
0.000 0.000 0.000 0.000
0.000 0.000 0.000 0.000
0.000 0.000 0.000 0.000
0.000 0.000 0.000 0.000
0.000 0.000 0.000 0.000
0.000 0.000 0.000 0.000
0.000 0.000 0.000 0.000
0.000 0.000 0.000 0.000
0.000 0.000 0.000 0.000
0.000 0.000 0.000 0.000
0.000 0.000 0.000 0.000
0.000 0.000 0.000 0.000
0.000 0.000 0.000 0.000
0.000 0.000 0.000 0.000
0.000 0.000 0.000 0.000
0.000 0.000 0.000 0.000
0.000 0.000 0.000 0.000
0.000 0.000 0.000 0.000
0.000 0.000 0.000 0.000
0.000 0.000 0.000 0.000
0.000 0.000 0.000 0.000
0.000 0.000 0.000 0.000
0.000 0.000 0.000 0.000
0.000 0.000 0.000 0.000
0.000 0.000 0.000 0.000
0.000 0.000 0.000 0.000
0.000 0.000 0.000 0.000
0.000 0.000 0.000 0.000
0.000 0.000 0.000 0.000
0.000 0.000 0.000 0.000
0.000 0.000 0.000 0.000
0.000 0.000 0.000 0.000
0.000 0.000 0.000 0.000
0.000 0.000 0.000 0.000
0.000 0.000 0.000 0.000
0.000 0.000 0.000 0.000
0.000 0.000 0.000 0.000
0.000 0.000 0.000 0.000
0.000 0.000 0.000 0.000
0.000 0.000 0.000 0.000
0.000 0.000 0.000 0.000
0.000 0.000 0.000 0.000
0.000 0.000 0.000 0.000
0.000 0.000 0.000 0.000
0.000 0.000 0.000 0.000
0.000 0.000 0.000 0.000
0.000 0.000 0.000 0.000
0.000 0.000 0.000 0.000
0.000 0.000 0.000 0.000
0.000 0.000 0.000 0.000
0.000 0.000 0.000 0.000
0.000 0.000 0.000 0.000
0.000 0.000 0.000 0.000
0.000 0.000 0.000 0.000
0.000 0.000 0.000 0.000
0.000 0.000 0.000 0.000
0.000 0.000 0.000 0.000
0.000 0.000 0.000 0.000
0.000 0.000 0.000 0.000
0.000 0.000 0.000 0.000
0.000 0.000 0.000 0.000
0.000 0.000 0.000 0.000
0.000 0.000 0.000 0.000
0.000 0.000 0.000 0.000
0.000 0.000 0.000 0.000
0.000 0.000 0.000 0.000
0.000 0.000 0.000 0.000
0.000 0.000 0.000 0.000
0.000 0.000 0.000 0.000
0.000 0.000 0.000 0.000
0.000 0.000 0.000 0.000
0.000 0.000 0.000 0.000
0.000 0.000 0.000 0.000
0.000 0.000 0.000 0.000
0.000 0.000 0.000 0.000
0.000 0.000 0.000 0.000
0.000 0.000 0.000 0.000
0.000 0.000 0.000 0.000
0.000 0.000 0.000 0.000
0.000 0.000 0.000 0.000
0.000 0.000 0.000 0.000
0.000 0.000 0.000 0.000
0.000 0.000 0.000 0.000
0.000 0.000 0.000 0.000
0.000 0.000 0.000 0.000
0.000 0.000 0.000 0.000
0.000 0.000 0.000 0.000
0.000 0.000 0.000 0.000
0.000 0.000 0.000 0.000
0.000 0.000 0.000 0.000
0.000 0.000 0.000 0.000
0.000 0.000 0.000 0.000
0.000 0.000 0.000 0.000
0.000 0.000 0.000 0.000
0.000 0.000 0.000 0.000
0.000 0.000 0.000 0.000
0.000 0.000 0.000 0.000
0.000 0.000 0.000 0.000
0.000 0.000 0.000 0.000
0.000 0.000 0.000 0.000
0.000 0.000 0.000 0.000
0.000 0.000 0.000 0.000
0.000 0.000 0.000 0.000
0.000 0.000 0.000 0.000
0.000 0.000 0.000 0.000
0.000 0.000 0.000 0.000
0.000 0.000 0.000 0.000
0.000 0.000 0.000 0.000
0.000 0.000 0.000 0.000
0.000 0.000 0.000 0.000
0.000 0.000 0.000 0.000
0.000 0.000 0.000 0.000
0.000 0.000 0.000 0.000
0.000 0.000 0.000 0.000
0.000 0.000 0.000 0.000
0.000 0.000 0.000 0.000
0.000 0.000 0.000 0.000
0.000 0.000 0.000 0.000
0.000 0.000 0.000 0.000
0.000 0.000 0.000 0.000
0.000 0.000 0.000 0.000
0.000 0.000 0.000 0.000
0.000 0.000 0.000 0.000
