1040.174 518.105 1103.167 581.097
1038.869 518.324 1101.861 581.315
1037.474 518.509 1100.465 581.500
1035.991 518.662 1098.979 581.651
1034.421 518.784 1097.408 581.771
1032.770 518.879 1095.754 581.863
1031.044 518.951 1094.025 581.932
1029.250 519.007 1092.227 581.985
1027.394 519.052 1090.367 582.025
1025.480 519.087 1088.449 582.056
1023.504 519.109 1086.469 582.074
1021.456 519.109 1084.415 582.069
1019.317 519.071 1082.270 582.024
1017.066 518.976 1080.010 581.920
1014.685 518.809 1077.618 581.742
1012.169 518.567 1075.087 581.485
1009.524 518.254 1072.426 581.156
1006.771 517.888 1069.653 580.771
1003.935 517.490 1066.798 580.352
1001.049 517.083 1063.892 579.926
998.144 516.696 1060.965 579.518
995.247 516.355 1058.045 579.154
992.378 516.090 1055.147 578.859
989.548 515.930 1052.276 578.658
986.756 515.902 1049.422 578.568
983.990 516.027 1046.566 578.603
981.234 516.310 1043.687 578.763
978.477 516.742 1040.771 579.036
975.714 517.298 1037.817 579.401
972.946 517.943 1034.834 579.831
970.183 518.635 1031.844 580.296
967.436 519.330 1028.870 580.764
964.716 519.984 1025.939 581.206
962.031 520.551 1023.071 581.591
959.380 520.992 1020.278 581.890
956.752 521.272 1017.562 582.082
954.130 521.370 1014.909 582.149
951.492 521.278 1012.301 582.087
948.821 521.004 1009.719 581.902
946.117 520.573 1007.157 581.612
943.396 520.018 1004.618 581.240
940.689 519.379 1002.123 580.813
938.038 518.699 999.698 580.360
935.489 518.021 997.377 579.909
933.089 517.387 995.192 579.489
930.877 516.837 993.171 579.131
928.874 516.411 991.327 578.863
927.080 516.135 989.657 578.712
925.468 516.029 988.135 578.696
923.995 516.095 986.723 578.823
922.612 516.319 985.382 579.088
921.286 516.679 984.084 579.477
920.004 517.142 982.825 579.963
918.776 517.675 981.617 580.516
917.625 518.240 980.486 581.101
916.584 518.801 979.466 581.682
915.687 519.322 978.588 582.222
914.962 519.774 977.880 582.691
914.426 520.133 977.358 583.066
914.077 520.390 977.022 583.336
913.898 520.551 976.854 583.507
913.857 520.637 976.822 583.602
913.917 520.674 976.888 583.645
914.044 520.688 977.020 583.664
914.213 520.694 977.193 583.675
914.405 520.703 977.390 583.688
914.605 520.718 977.593 583.706
914.796 520.738 977.788 583.730
914.972 520.761 977.968 583.757
915.144 520.784 978.144 583.784
915.360 520.800 978.365 583.805
915.718 520.803 978.728 583.814
916.361 520.783 979.379 583.800
917.456 520.729 980.481 583.753
919.141 520.632 982.174 583.666
921.486 520.493 984.528 583.535
924.475 520.313 987.526 583.364
928.023 520.101 991.084 583.163
931.996 519.867 995.068 582.939
936.238 519.624 999.320 582.706
940.589 519.385 1003.681 582.476
944.905 519.167 1008.008 582.270
949.071 518.997 1012.188 582.114
953.016 518.908 1016.154 582.047
956.720 518.940 1019.890 582.111
960.214 519.132 1023.430 582.349
963.556 519.508 1026.837 582.789
966.814 520.070 1030.177 583.433
970.042 520.793 1033.503 584.254
973.279 521.635 1036.850 585.207
976.547 522.539 1040.236 586.227
979.863 523.440 1043.667 587.244
983.235 524.277 1047.147 588.189
986.677 524.994 1050.682 588.999
990.203 525.551 1054.280 589.627
993.831 525.929 1057.953 590.051
997.576 526.138 1061.715 590.278
1001.450 526.210 1065.578 590.338
1005.458 526.188 1069.547 590.277
1009.593 526.113 1073.620 590.140
1013.838 526.013 1077.785 589.960
1018.171 525.906 1082.025 589.760
1022.565 525.800 1086.319 589.555
1026.989 525.696 1090.645 589.352
1031.417 525.592 1094.981 589.156
1035.827 525.485 1099.310 588.968
1040.206 525.362 1103.627 588.784
1044.555 525.206 1107.938 588.589
1048.889 524.991 1112.259 588.361
1053.232 524.688 1116.617 588.072
1057.605 524.278 1121.031 587.704
1062.015 523.754 1125.507 587.247
1066.453 523.131 1130.033 586.711
1070.897 522.437 1134.579 586.119
1075.310 521.710 1139.104 585.505
1079.651 520.994 1143.562 584.905
1083.879 520.332 1147.906 584.359
1087.956 519.768 1152.090 583.903
1091.850 519.332 1156.083 583.565
1095.547 519.048 1159.864 583.365
1099.044 518.920 1163.432 583.308
1102.356 518.938 1166.802 583.383
1105.507 519.078 1170.000 583.571
1108.524 519.312 1173.055 583.844
1111.429 519.613 1175.994 584.177
1114.244 519.954 1178.837 584.548
1116.981 520.313 1181.603 584.935
1119.654 520.671 1184.303 585.320
1122.272 521.007 1186.951 585.685
1124.848 521.300 1189.560 586.013
1127.388 521.528 1192.144 586.284
1129.900 521.670 1194.713 586.483
1132.386 521.705 1197.278 586.596
1134.847 521.618 1199.844 586.615
1137.279 521.405 1202.414 586.540
1139.678 521.075 1204.983 586.380
1142.041 520.644 1207.546 586.149
1144.363 520.137 1210.092 585.867
1146.640 519.584 1212.611 585.555
1148.871 519.016 1215.089 585.235
1151.053 518.464 1217.517 584.928
1153.192 517.955 1219.891 584.654
1155.302 517.509 1222.220 584.427
1157.409 517.136 1224.528 584.255
1159.546 516.834 1226.849 584.136
1161.750 516.590 1229.220 584.061
1164.038 516.387 1231.667 584.016
1166.408 516.208 1234.189 583.989
1168.825 516.041 1236.754 583.970
1171.232 515.882 1239.304 583.954
1173.554 515.730 1241.764 583.940
1175.710 515.589 1244.047 583.927
1177.617 515.463 1246.069 583.915
1179.205 515.354 1247.758 583.907
1180.432 515.265 1249.068 583.900
1181.294 515.195 1249.995 583.896
1181.831 515.143 1250.582 583.894
1182.121 515.105 1250.910 583.894
1182.255 515.078 1251.073 583.896
1182.314 515.057 1251.155 583.898
1182.353 515.041 1251.214 583.902
1182.399 515.027 1251.279 583.906
1182.466 515.013 1251.362 583.910
1182.554 515.000 1251.466 583.912
1182.657 514.986 1251.584 583.913
1182.764 514.970 1251.703 583.909
1182.845 514.950 1251.795 583.900
1182.855 514.923 1251.813 583.881
1182.725 514.885 1251.690 583.850
1182.387 514.832 1251.356 583.802
1181.784 514.761 1250.758 583.735
1180.900 514.672 1249.877 583.649
1179.762 514.565 1248.742 583.545
1178.432 514.444 1247.415 583.427
1176.998 514.312 1245.983 583.297
1175.561 514.174 1244.548 583.162
1174.220 514.034 1243.210 583.024
1173.068 513.896 1242.060 582.888
1172.174 513.762 1241.168 582.756
1171.576 513.631 1240.572 582.628
1171.273 513.502 1240.273 582.501
1171.230 513.370 1240.231 582.372
1171.385 513.234 1240.389 582.237
1171.676 513.091 1240.682 582.097
1172.047 512.943 1241.055 581.951
1172.458 512.793 1241.468 581.803
1172.878 512.647 1241.889 581.659
1173.283 512.511 1242.296 581.524
1173.653 512.390 1242.668 581.406
1173.969 512.291 1242.987 581.309
1174.216 512.216 1243.237 581.237
1174.384 512.167 1243.409 581.191
1174.473 512.139 1243.502 581.168
1174.489 512.129 1243.523 581.163
1174.443 512.128 1243.485 581.170
1174.350 512.133 1243.401 581.183
1174.222 512.138 1243.283 581.199
1174.072 512.142 1243.145 581.215
1173.913 512.144 1242.998 581.229
1173.758 512.144 1242.857 581.243
1173.616 512.142 1242.728 581.254
1173.476 512.138 1242.604 581.266
1173.299 512.135 1242.446 581.282
1173.007 512.137 1242.178 581.308
1172.485 512.148 1241.690 581.353
1171.604 512.175 1240.857 581.428
1170.262 512.223 1239.579 581.540
1168.421 512.295 1237.820 581.694
1166.114 512.392 1235.611 581.889
1163.437 512.512 1233.046 582.120
1160.528 512.649 1230.258 582.379
1157.545 512.798 1227.400 582.654
1154.647 512.956 1224.626 582.936
1151.973 513.118 1222.071 583.216
1149.626 513.282 1219.832 583.488
1147.651 513.450 1217.953 583.752
1146.032 513.626 1216.416 584.009
1144.699 513.815 1215.151 584.267
1143.556 514.021 1214.066 584.532
1142.520 514.248 1213.080 584.808
1141.542 514.493 1212.145 585.096
1140.603 514.752 1211.244 585.393
1139.713 515.018 1210.389 585.694
1138.898 515.282 1209.607 585.991
1138.186 515.536 1208.929 586.279
1137.605 515.772 1208.388 586.555
1137.175 515.987 1208.011 586.823
1136.906 516.177 1207.820 587.091
1136.799 516.346 1207.826 587.373
1136.845 516.497 1208.035 587.687
1137.030 516.637 1208.438 588.045
1137.336 516.769 1209.020 588.453
1137.746 516.897 1209.754 588.905
1138.240 517.020 1210.609 589.389
1138.802 517.138 1211.545 589.882
1139.413 517.251 1212.524 590.362
1140.060 517.355 1213.507 590.802
1140.733 517.445 1214.468 591.180
1141.439 517.513 1215.398 591.471
1142.199 517.544 1216.311 591.656
1143.053 517.522 1217.249 591.718
1144.045 517.426 1218.268 591.649
1145.213 517.246 1219.418 591.451
1146.568 516.979 1220.724 591.135
1148.092 516.634 1222.181 590.724
1149.741 516.233 1223.755 590.247
1151.454 515.800 1225.388 589.734
1153.160 515.365 1227.013 589.219
1154.788 514.958 1228.561 588.731
1156.278 514.607 1229.971 588.300
1157.584 514.333 1231.199 587.948
1158.689 514.155 1232.225 587.691
1159.607 514.078 1233.062 587.532
1160.375 514.099 1233.743 587.467
1161.041 514.205 1234.317 587.481
1161.646 514.380 1234.824 587.558
1162.216 514.605 1235.290 587.679
1162.760 514.861 1235.727 587.827
1163.277 515.130 1236.136 587.989
1163.756 515.396 1236.512 588.152
1164.186 515.643 1236.847 588.303
1164.548 515.854 1237.128 588.435
1164.819 516.018 1237.339 588.538
1164.966 516.127 1237.452 588.613
1164.949 516.178 1237.432 588.661
1164.728 516.175 1237.244 588.691
1164.272 516.127 1236.858 588.712
1163.575 516.045 1236.265 588.735
1162.651 515.939 1235.478 588.766
1161.540 515.820 1234.526 588.806
1160.289 515.694 1233.450 588.856
1158.955 515.570 1232.297 588.912
1157.594 515.455 1231.109 588.970
1156.251 515.355 1229.919 589.023
1154.956 515.277 1228.741 589.062
1153.715 515.228 1227.563 589.076
1152.510 515.212 1226.350 589.052
1151.308 515.231 1225.054 588.977
1150.075 515.285 1223.631 588.841
1148.791 515.369 1222.063 588.641
1147.463 515.478 1220.367 588.381
1146.118 515.603 1218.587 588.071
1144.798 515.736 1216.790 587.728
1143.554 515.869 1215.055 587.370
1142.442 515.994 1213.463 587.015
1141.513 516.102 1212.088 586.677
1140.812 516.186 1210.991 586.365
1140.371 516.240 1210.213 586.082
1140.205 516.262 1209.767 585.823
1140.309 516.249 1209.637 585.578
1140.655 516.204 1209.784 585.334
1141.203 516.131 1210.155 585.083
1141.905 516.034 1210.693 584.822
1142.709 515.918 1211.341 584.550
1143.563 515.790 1212.047 584.274
1144.416 515.654 1212.764 584.002
1145.216 515.516 1213.443 583.744
1145.912 515.381 1214.040 583.508
1146.456 515.249 1214.509 583.302
1146.803 515.123 1214.810 583.130
1146.919 515.001 1214.909 582.991
1146.785 514.878 1214.789 582.883
1146.401 514.753 1214.446 582.798
1145.783 514.622 1213.893 582.732
1144.961 514.487 1213.155 582.681
1143.977 514.350 1212.267 582.640
1142.873 514.215 1211.266 582.608
1141.696 514.088 1210.192 582.584
1140.488 513.973 1209.082 582.566
1139.286 513.876 1207.966 582.556
1138.109 513.803 1206.861 582.555
1136.961 513.759 1205.769 582.566
1135.824 513.746 1204.672 582.595
1134.665 513.769 1203.541 582.645
1133.455 513.826 1202.350 582.721
1132.178 513.913 1201.086 582.822
1130.843 514.026 1199.762 582.945
1129.478 514.157 1198.407 583.086
1128.129 514.297 1197.067 583.235
1126.850 514.438 1195.797 583.384
1125.693 514.569 1194.649 583.524
1124.707 514.684 1193.669 583.647
1123.920 514.777 1192.889 583.747
1123.341 514.846 1192.315 583.820
1122.949 514.891 1191.927 583.869
1122.702 514.917 1191.683 583.899
1122.548 514.932 1191.532 583.916
1122.441 514.941 1191.427 583.927
1122.352 514.947 1191.340 583.935
1122.265 514.953 1191.255 583.943
1122.178 514.961 1191.169 583.952
1122.094 514.968 1191.086 583.961
1122.018 514.975 1191.011 583.969
1121.954 514.981 1190.949 583.976
1121.905 514.986 1190.901 583.981
1121.870 514.989 1190.867 583.985
1121.847 514.992 1190.843 583.988
1121.831 514.993 1190.828 583.990
1121.820 514.994 1190.817 583.991
1121.812 514.995 1190.808 583.992
1121.803 514.996 1190.800 583.993
1121.795 514.997 1190.792 583.994
1121.787 514.997 1190.784 583.994
1121.780 514.998 1190.777 583.995
1121.774 514.999 1190.771 583.996
1121.769 514.999 1190.767 583.997
1121.766 515.000 1190.763 583.998
1121.764 515.001 1190.761 583.999
1121.763 515.003 1190.760 584.000
1121.763 515.004 1190.760 584.001
1121.764 515.006 1190.761 584.002
1121.766 515.008 1190.762 584.004
1121.769 515.010 1190.764 584.005
1121.772 515.012 1190.766 584.007
1121.775 515.015 1190.769 584.009
1121.779 515.018 1190.772 584.011
1121.783 515.021 1190.774 584.013
1121.787 515.024 1190.777 584.014
1121.791 515.028 1190.780 584.016
1121.796 515.032 1190.783 584.019
1121.804 515.039 1190.789 584.023
1121.817 515.048 1190.799 584.030
1121.837 515.063 1190.815 584.041
1121.866 515.083 1190.839 584.057
1121.903 515.109 1190.871 584.077
1121.947 515.140 1190.909 584.102
1121.994 515.174 1190.949 584.129
1122.039 515.208 1190.988 584.156
1122.081 515.241 1191.023 584.182
1122.123 515.274 1191.057 584.207
1122.177 515.315 1191.101 584.238
1122.270 515.378 1191.180 584.289
1122.437 515.486 1191.328 584.377
1122.721 515.664 1191.584 584.526
1123.150 515.929 1191.974 584.753
1123.734 516.289 1192.509 585.064
1124.457 516.739 1193.171 585.453
1125.283 517.259 1193.928 585.904
1126.166 517.825 1194.734 586.393
1127.049 518.405 1195.537 586.893
1127.879 518.971 1196.287 587.380
1128.598 519.495 1196.936 587.833
1129.158 519.956 1197.442 588.241
1129.514 520.344 1197.776 588.606
1129.633 520.656 1197.919 588.941
1129.500 520.904 1197.868 589.272
1129.114 521.103 1197.634 589.623
1128.495 521.270 1197.237 590.012
1127.674 521.418 1196.702 590.446
1126.691 521.555 1196.056 590.920
1125.591 521.687 1195.324 591.420
1124.421 521.817 1194.531 591.927
1123.222 521.948 1193.696 592.422
1122.031 522.082 1192.836 592.887
1120.867 522.224 1191.956 593.314
1119.732 522.379 1191.051 593.697
1118.607 522.552 1190.099 594.044
1117.458 522.746 1189.076 594.364
1116.254 522.962 1187.961 594.670
1114.982 523.199 1186.753 594.970
1113.651 523.450 1185.471 595.269
1112.291 523.706 1184.153 595.568
1110.948 523.960 1182.848 595.861
1109.673 524.201 1181.614 596.142
1108.523 524.420 1180.508 596.405
1107.555 524.606 1179.590 596.642
1106.820 524.748 1178.917 596.846
1106.365 524.835 1178.542 597.012
1106.224 524.855 1178.503 597.134
1106.411 524.800 1178.823 597.211
1106.919 524.665 1179.494 597.240
1107.717 524.453 1180.487 597.223
1108.755 524.170 1181.745 597.161
1109.972 523.828 1183.199 597.055
1111.298 523.438 1184.768 596.908
1112.663 523.017 1186.367 596.721
1113.997 522.578 1187.914 596.495
1115.236 522.134 1189.334 596.231
1116.328 521.692 1190.564 595.929
1117.241 521.258 1191.571 595.588
1117.969 520.829 1192.347 595.207
1118.533 520.398 1192.918 594.782
1118.970 519.958 1193.326 594.314
1119.319 519.502 1193.620 593.804
1119.615 519.028 1193.843 593.256
1119.885 518.538 1194.025 592.678
1120.142 518.036 1194.187 592.081
1120.398 517.529 1194.344 591.474
1120.665 517.022 1194.509 590.866
1120.963 516.521 1194.705 590.263
1121.326 516.025 1194.967 589.666
1121.810 515.529 1195.350 589.070
1122.481 515.025 1195.920 588.464
1123.408 514.501 1196.742 587.835
1124.633 513.950 1197.858 587.174
1126.164 513.371 1199.273 586.480
1127.960 512.772 1200.950 585.761
1129.950 512.169 1202.816 585.035
1132.035 511.584 1204.777 584.326
1134.106 511.039 1206.729 583.661
1136.055 510.558 1208.565 583.068
1137.786 510.163 1210.194 582.571
1139.226 509.864 1211.545 582.184
1140.340 509.665 1212.586 581.911
1141.141 509.554 1213.327 581.740
1141.679 509.509 1213.818 581.648
1142.029 509.505 1214.132 581.608
1142.264 509.520 1214.338 581.594
1142.442 509.538 1214.492 581.589
1142.598 509.551 1214.628 581.581
1142.752 509.554 1214.764 581.566
1142.913 509.548 1214.906 581.541
1143.089 509.532 1215.063 581.506
1143.292 509.511 1215.244 581.463
1143.547 509.493 1215.471 581.417
1143.888 509.495 1215.776 581.383
1144.363 509.541 1216.201 581.379
1145.018 509.657 1216.792 581.430
1145.892 509.866 1217.583 581.556
1147.002 510.177 1218.593 581.768
1148.342 510.588 1219.818 582.064
1149.888 511.082 1221.239 582.433
1151.602 511.636 1222.825 582.859
1153.443 512.221 1224.541 583.319
1155.368 512.810 1226.353 583.794
1157.340 513.378 1228.228 584.265
1159.332 513.908 1230.143 584.719
1161.329 514.394 1232.086 585.151
1163.336 514.840 1234.058 585.562
1165.369 515.257 1236.073 585.961
1167.455 515.660 1238.152 586.357
1169.616 516.061 1240.313 586.757
1171.868 516.461 1242.566 587.159
1174.215 516.860 1244.914 587.558
1176.653 517.247 1247.351 587.944
1179.175 517.613 1249.868 588.306
1181.774 517.944 1252.461 588.631
1184.460 518.224 1255.140 588.904
1187.263 518.436 1257.939 589.111
1190.245 518.555 1260.921 589.231
1193.485 518.557 1264.174 589.246
1197.069 518.423 1267.786 589.140
1201.050 518.141 1271.815 588.905
1205.426 517.717 1276.259 588.549
1210.132 517.172 1281.051 588.091
1215.048 516.538 1286.068 587.558
1220.020 515.856 1291.150 586.986
1224.875 515.169 1296.117 586.411
1229.443 514.523 1300.789 585.869
1233.575 513.960 1305.012 585.397
1237.169 513.522 1308.677 585.030
1240.190 513.245 1311.745 584.799
1242.684 513.152 1314.256 584.725
1244.758 513.255 1316.320 584.817
1246.549 513.546 1318.072 585.069
1248.170 514.003 1319.629 585.462
1249.691 514.591 1321.065 585.964
1251.137 515.267 1322.408 586.538
1252.496 515.985 1323.651 587.140
1253.737 516.695 1324.769 587.727
1254.823 517.353 1325.727 588.256
1255.715 517.915 1326.488 588.688
1256.374 518.351 1327.015 588.991
1256.762 518.647 1327.267 589.152
1256.845 518.810 1327.207 589.172
1256.598 518.864 1326.806 589.072
1256.016 518.842 1326.055 588.882
1255.115 518.776 1324.970 588.632
1253.936 518.690 1323.594 588.347
1252.539 518.595 1321.990 588.046
1250.993 518.499 1320.234 587.740
1249.374 518.402 1318.411 587.439
1247.756 518.304 1316.605 587.153
1246.204 518.202 1314.893 586.891
1244.766 518.094 1313.334 586.662
1243.464 517.975 1311.963 586.474
1242.291 517.837 1310.786 586.332
1241.215 517.672 1309.778 586.235
1240.195 517.473 1308.904 586.182
1239.199 517.241 1308.127 586.169
1238.212 516.978 1307.422 586.188
1237.242 516.695 1306.779 586.233
1236.307 516.405 1306.198 586.296
1235.438 516.123 1305.685 586.371
1234.665 515.864 1305.250 586.450
1234.014 515.641 1304.900 586.527
1233.502 515.462 1304.638 586.598
1233.129 515.332 1304.459 586.662
1232.878 515.245 1304.348 586.716
1232.720 515.193 1304.286 586.759
1232.620 515.163 1304.251 586.794
1232.550 515.144 1304.226 586.820
1232.490 515.129 1304.202 586.841
1232.432 515.114 1304.177 586.859
1232.373 515.098 1304.150 586.875
1232.317 515.081 1304.125 586.890
1232.266 515.067 1304.103 586.903
1232.224 515.055 1304.085 586.915
1232.193 515.046 1304.072 586.925
1232.174 515.040 1304.066 586.931
1232.170 515.038 1304.067 586.936
1232.181 515.040 1304.079 586.939
1232.209 515.045 1304.105 586.941
1232.256 515.054 1304.147 586.945
1232.320 515.066 1304.204 586.950
1232.398 515.081 1304.273 586.957
1232.481 515.096 1304.350 586.965
1232.563 515.111 1304.425 586.973
1232.638 515.125 1304.493 586.980
1232.712 515.138 1304.560 586.986
1232.806 515.155 1304.644 586.994
1232.966 515.185 1304.788 587.007
1233.259 515.240 1305.053 587.035
1233.756 515.334 1305.507 587.085
1234.514 515.478 1306.202 587.166
1235.551 515.675 1307.154 587.278
1236.840 515.920 1308.340 587.420
1238.317 516.202 1309.699 587.584
1239.895 516.502 1311.151 587.758
1241.471 516.803 1312.601 587.932
1242.944 517.083 1313.954 588.093
1244.226 517.328 1315.128 588.230
1245.252 517.524 1316.065 588.337
1245.997 517.666 1316.741 588.410
1246.480 517.758 1317.174 588.452
1246.757 517.812 1317.415 588.470
1246.901 517.839 1317.536 588.474
1246.979 517.855 1317.596 588.472
1247.037 517.866 1317.641 588.469
1247.099 517.878 1317.689 588.469
1247.169 517.892 1317.747 588.470
1247.243 517.906 1317.809 588.472
1247.314 517.920 1317.870 588.475
1247.376 517.932 1317.922 588.478
1247.422 517.941 1317.961 588.480
1247.449 517.946 1317.984 588.481
1247.453 517.947 1317.985 588.479
1247.430 517.943 1317.960 588.474
1247.374 517.933 1317.904 588.464
1247.283 517.917 1317.814 588.448
1247.158 517.895 1317.690 588.427
1247.005 517.868 1317.537 588.400
1246.834 517.839 1317.367 588.372
1246.659 517.810 1317.192 588.343
1246.489 517.785 1317.021 588.317
1246.316 517.759 1316.848 588.292
1246.107 517.726 1316.639 588.259
1245.793 517.670 1316.326 588.202
1245.272 517.566 1315.806 588.100
1244.428 517.389 1314.965 587.926
1243.168 517.121 1313.709 587.663
1241.450 516.755 1312.000 587.305
1239.299 516.302 1309.858 586.861
1236.790 515.783 1307.361 586.353
1234.034 515.227 1304.618 585.811
1231.161 514.668 1301.759 585.266
1228.301 514.142 1298.915 584.756
1225.574 513.685 1296.204 584.315
1223.073 513.330 1293.723 583.979
1220.857 513.110 1291.531 583.784
1218.938 513.049 1289.646 583.758
1217.287 513.163 1288.042 583.919
1215.847 513.451 1286.666 584.270
1214.557 513.895 1285.456 584.795
1213.360 514.468 1284.357 585.464
1212.215 515.128 1283.323 586.236
1211.092 515.833 1282.321 587.062
1209.970 516.536 1281.325 587.891
1208.828 517.192 1280.309 588.673
1207.650 517.756 1279.251 589.358
1206.421 518.195 1278.135 589.908
1205.131 518.483 1276.945 590.297
1203.775 518.613 1275.678 590.516
1202.358 518.594 1274.337 590.573
1200.888 518.447 1272.932 590.492
1199.372 518.202 1271.473 590.304
1197.817 517.887 1269.969 590.039
1196.228 517.529 1268.426 589.727
1194.608 517.154 1266.847 589.393
1192.956 516.782 1265.236 589.061
1191.273 516.436 1263.593 588.756
1189.553 516.136 1261.921 588.504
1187.787 515.903 1260.218 588.334
1185.956 515.752 1258.480 588.276
1184.038 515.695 1256.700 588.357
1182.012 515.736 1254.872 588.596
1179.863 515.871 1252.990 588.999
1177.594 516.091 1251.060 589.558
1175.223 516.383 1249.090 590.250
1172.783 516.730 1247.098 591.044
1170.318 517.116 1245.100 591.898
1167.873 517.525 1243.116 592.768
1165.496 517.942 1241.166 593.611
1163.232 518.352 1239.268 594.387
1161.118 518.748 1237.437 595.067
1159.178 519.129 1235.683 595.634
1157.419 519.500 1234.008 596.089
1155.833 519.871 1232.406 596.443
1154.397 520.252 1230.862 596.718
1153.079 520.650 1229.362 596.933
1151.851 521.062 1227.892 597.103
1150.683 521.479 1226.439 597.234
1149.553 521.887 1224.997 597.331
1148.439 522.272 1223.558 597.390
1147.318 522.615 1222.112 597.408
1146.160 522.901 1220.639 597.379
1144.929 523.118 1219.109 597.298
1143.575 523.257 1217.475 597.158
1142.048 523.318 1215.685 596.955
1140.306 523.303 1213.691 596.688
1138.329 523.220 1211.466 596.357
1136.135 523.078 1209.025 595.969
1133.778 522.887 1206.420 595.530
1131.341 522.657 1203.737 595.053
1128.928 522.396 1201.084 594.552
1126.650 522.114 1198.581 594.045
1124.619 521.817 1196.349 593.547
1122.932 521.507 1194.494 593.069
1121.654 521.177 1193.089 592.613
1120.802 520.809 1192.160 592.168
1120.341 520.373 1191.678 591.710
1120.185 519.835 1191.560 591.210
1120.230 519.173 1191.697 590.640
1120.379 518.379 1191.989 589.990
1120.563 517.471 1192.357 589.264
1120.745 516.482 1192.749 588.487
1120.908 515.462 1193.137 587.691
1121.051 514.465 1193.502 586.916
1121.174 513.547 1193.831 586.203
1121.279 512.755 1194.112 585.588
1121.362 512.122 1194.336 585.096
1121.419 511.660 1194.493 584.734
1121.445 511.357 1194.581 584.492
1121.437 511.176 1194.604 584.343
1121.393 511.075 1194.570 584.252
1121.312 511.014 1194.488 584.190
1121.200 510.965 1194.371 584.136
1121.064 510.916 1194.230 584.082
1120.914 510.863 1194.079 584.028
1120.763 510.808 1193.931 583.976
1120.620 510.756 1193.794 583.931
1120.476 510.712 1193.659 583.895
1120.300 510.680 1193.489 583.869
1120.024 510.664 1193.213 583.853
1119.549 510.668 1192.727 583.846
1118.766 510.695 1191.915 583.844
1117.586 510.747 1190.686 583.846
1115.975 510.823 1189.001 583.848
1113.962 510.920 1186.888 583.847
1111.628 511.034 1184.433 583.839
1109.089 511.157 1181.755 583.824
1106.480 511.284 1178.994 583.798
1103.937 511.405 1176.290 583.757
1101.579 511.513 1173.762 583.696
1099.491 511.597 1171.498 583.604
1097.717 511.646 1169.533 583.462
1096.242 511.647 1167.848 583.253
1095.010 511.591 1166.376 582.957
1093.943 511.472 1165.033 582.562
1092.971 511.291 1163.748 582.068
1092.050 511.057 1162.482 581.489
1091.167 510.784 1161.231 580.849
1090.330 510.490 1160.019 580.180
1089.559 510.194 1158.884 579.520
1088.880 509.915 1157.868 578.903
1088.312 509.670 1157.004 578.362
1087.867 509.472 1156.315 577.919
1087.542 509.325 1155.799 577.582
1087.321 509.228 1155.439 577.346
1087.176 509.171 1155.197 577.191
1087.080 509.140 1155.032 577.092
1087.008 509.124 1154.909 577.025
1086.945 509.114 1154.804 576.972
1086.884 509.103 1154.704 576.923
1086.824 509.091 1154.607 576.874
1086.768 509.077 1154.516 576.825
1086.719 509.062 1154.435 576.778
1086.679 509.045 1154.368 576.735
1086.650 509.028 1154.319 576.697
1086.632 509.009 1154.289 576.666
1086.626 508.990 1154.277 576.641
1086.631 508.969 1154.284 576.622
1086.647 508.948 1154.308 576.609
1086.674 508.926 1154.348 576.600
1086.710 508.903 1154.402 576.595
1086.754 508.880 1154.467 576.593
1086.802 508.857 1154.539 576.594
1086.850 508.837 1154.612 576.598
1086.896 508.819 1154.683 576.606
1086.942 508.800 1154.758 576.615
1086.999 508.774 1154.848 576.623
1087.088 508.728 1154.981 576.621
1087.241 508.643 1155.196 576.598
1087.495 508.499 1155.537 576.542
1087.877 508.281 1156.040 576.444
1088.400 507.984 1156.718 576.303
1089.055 507.616 1157.564 576.125
1089.819 507.196 1158.548 575.925
1090.654 506.747 1159.626 575.719
1091.519 506.299 1160.748 575.528
1092.370 505.879 1161.862 575.371
1093.172 505.513 1162.925 575.266
1093.897 505.218 1163.906 575.227
1094.533 505.001 1164.790 575.259
1095.082 504.858 1165.584 575.360
1095.564 504.773 1166.309 575.518
1096.000 504.726 1166.993 575.718
1096.412 504.697 1167.658 575.943
1096.809 504.675 1168.314 576.180
1097.194 504.652 1168.960 576.418
1097.561 504.628 1169.582 576.650
1097.900 504.604 1170.164 576.867
1098.200 504.581 1170.685 577.065
1098.453 504.561 1171.130 577.238
1098.652 504.546 1171.489 577.383
1098.799 504.535 1171.762 577.499
1098.899 504.528 1171.958 577.586
1098.965 504.524 1172.094 577.652
1099.009 504.520 1172.189 577.700
1099.042 504.518 1172.263 577.739
1099.070 504.515 1172.326 577.771
1099.098 504.513 1172.385 577.800
1099.124 504.510 1172.441 577.827
1099.149 504.508 1172.494 577.853
1099.171 504.506 1172.541 577.876
1099.190 504.505 1172.582 577.897
1099.204 504.504 1172.614 577.914
1099.214 504.503 1172.639 577.928
1099.221 504.502 1172.658 577.939
1099.226 504.502 1172.671 577.947
1099.229 504.502 1172.682 577.954
1099.232 504.502 1172.690 577.960
1099.234 504.502 1172.698 577.966
1099.237 504.502 1172.705 577.970
1099.239 504.501 1172.712 577.975
1099.241 504.501 1172.718 577.979
1099.243 504.501 1172.724 577.983
1099.244 504.501 1172.729 577.985
1099.246 504.501 1172.732 577.987
1099.247 504.501 1172.735 577.989
1099.248 504.501 1172.737 577.990
1099.249 504.501 1172.738 577.990
1099.250 504.501 1172.739 577.990
1099.251 504.502 1172.740 577.990
1099.252 504.502 1172.740 577.990
1099.252 504.503 1172.740 577.990
1099.253 504.503 1172.740 577.991
1099.253 504.504 1172.741 577.991
1099.254 504.505 1172.741 577.992
1099.255 504.506 1172.741 577.992
1099.256 504.507 1172.742 577.993
1099.257 504.508 1172.742 577.993
1099.258 504.509 1172.743 577.994
1099.260 504.511 1172.743 577.994
1099.263 504.514 1172.744 577.995
1099.267 504.519 1172.745 577.996
1099.273 504.524 1172.745 577.997
1099.279 504.531 1172.746 577.998
1099.286 504.539 1172.747 578.000
1099.294 504.548 1172.748 578.002
1099.303 504.557 1172.749 578.003
1099.311 504.567 1172.749 578.005
1099.321 504.577 1172.750 578.006
1099.332 504.590 1172.751 578.008
1099.349 504.607 1172.754 578.012
1099.372 504.633 1172.760 578.021
1099.407 504.671 1172.773 578.037
1099.455 504.724 1172.794 578.062
1099.518 504.792 1172.823 578.097
1099.594 504.875 1172.862 578.142
1099.680 504.969 1172.906 578.195
1099.773 505.070 1172.955 578.252
1099.869 505.175 1173.004 578.310
1099.969 505.284 1173.052 578.368
1100.083 505.408 1173.106 578.431
1100.231 505.569 1173.176 578.514
1100.447 505.803 1173.287 578.643
1100.770 506.153 1173.468 578.850
1101.237 506.659 1173.745 579.168
1101.872 507.349 1174.141 579.617
1102.681 508.228 1174.660 580.207
1103.651 509.281 1175.299 580.929
1104.757 510.479 1176.042 581.764
1105.966 511.785 1176.870 582.688
1107.252 513.169 1177.767 583.684
1108.607 514.627 1178.737 584.757
1110.058 516.199 1179.810 585.952
1111.675 517.983 1181.059 587.368
1113.570 520.129 1182.591 589.150
1115.870 522.803 1184.524 591.457
1118.674 526.132 1186.950 594.408
1122.014 530.151 1189.900 598.037
1125.843 534.790 1193.329 602.276
1130.050 539.888 1197.132 606.971
1134.473 545.221 1201.164 611.912
1138.931 550.534 1205.257 616.860
1143.242 555.574 1209.245 621.577
1147.248 560.119 1212.983 625.854
1150.836 564.009 1216.368 629.540
1153.962 567.180 1219.355 632.573
1156.655 569.674 1221.970 634.989
1159.008 571.625 1224.294 636.911
1161.139 573.208 1226.429 638.499
1163.142 574.579 1228.458 639.895
1165.070 575.840 1230.420 641.190
1166.927 577.041 1232.309 642.423
1168.680 578.187 1234.088 643.595
1170.276 579.261 1235.701 644.686
1171.658 580.232 1237.091 645.665
1172.777 581.054 1238.219 646.495
1173.605 581.663 1239.070 647.128
1174.139 581.970 1239.666 647.497
1174.410 581.862 1240.067 647.519
1174.471 581.231 1240.355 647.115
1174.385 580.005 1240.616 646.237
1174.206 578.184 1240.911 644.890
1173.974 575.843 1241.269 643.138
1173.712 573.120 1241.683 641.092
1173.432 570.196 1242.128 638.891
1173.140 567.271 1242.561 636.692
1172.838 564.548 1242.936 634.647
1172.522 562.209 1243.206 632.893
1172.182 560.393 1243.321 631.533
1171.796 559.177 1243.236 630.618
1171.332 558.557 1242.908 630.133
1170.754 558.454 1242.307 630.006
1170.037 558.745 1241.425 630.132
1169.176 559.299 1240.284 630.407
1168.188 560.008 1238.933 630.754
1167.113 560.790 1237.445 631.122
1166.003 561.587 1235.901 631.485
1164.916 562.357 1234.389 631.830
1163.913 563.062 1232.997 632.146
1163.053 563.668 1231.805 632.420
1162.392 564.143 1230.883 632.634
1161.977 564.459 1230.283 632.765
1161.839 564.602 1230.033 632.796
1161.990 564.571 1230.129 632.710
1162.416 564.376 1230.540 632.500
1163.085 564.034 1231.215 632.164
1163.944 563.565 1232.087 631.708
1164.931 562.993 1233.085 631.147
1165.979 562.346 1234.135 630.502
1167.019 561.651 1235.166 629.797
1167.982 560.924 1236.112 629.053
1168.807 560.161 1236.916 628.270
1169.448 559.318 1237.543 627.413
1169.881 558.297 1237.982 626.399
1170.108 556.957 1238.253 625.102
1170.159 555.139 1238.403 623.383
1170.077 552.723 1238.489 621.134
1169.906 549.676 1238.557 618.326
1169.681 546.064 1238.635 615.019
1169.423 542.039 1238.732 611.347
1169.147 537.810 1238.837 607.499
1168.861 533.616 1238.932 603.687
1168.569 529.695 1238.996 600.122
1168.276 526.258 1239.010 596.992
1167.981 523.452 1238.956 594.426
1167.684 521.337 1238.824 592.477
1167.376 519.869 1238.608 591.101
1167.047 518.913 1238.307 590.173
1166.691 518.293 1237.930 589.532
1166.303 517.851 1237.488 589.035
1165.890 517.477 1237.001 588.588
1165.460 517.116 1236.490 588.146
1165.032 516.758 1235.978 587.705
1164.623 516.414 1235.490 587.281
1164.252 516.103 1235.047 586.899
1163.935 515.843 1234.667 586.575
1163.683 515.639 1234.363 586.319
1163.499 515.492 1234.138 586.131
1163.377 515.392 1233.985 586.000
1163.302 515.326 1233.888 585.912
1163.258 515.281 1233.829 585.852
1163.230 515.247 1233.790 585.807
1163.206 515.217 1233.758 585.769
1163.182 515.188 1233.727 585.733
1163.158 515.161 1233.696 585.699
1163.134 515.133 1233.665 585.665
1163.112 515.108 1233.635 585.631
1163.094 515.083 1233.609 585.598
1163.081 515.059 1233.586 585.564
1163.073 515.037 1233.567 585.531
1163.070 515.015 1233.554 585.498
1163.075 514.994 1233.546 585.466
1163.085 514.974 1233.545 585.434
1163.103 514.956 1233.549 585.402
1163.127 514.938 1233.560 585.372
1163.157 514.922 1233.577 585.342
1163.191 514.908 1233.597 585.314
1163.228 514.896 1233.619 585.288
1163.265 514.886 1233.641 585.262
1163.303 514.875 1233.663 585.235
1163.346 514.858 1233.686 585.198
1163.406 514.827 1233.719 585.141
1163.495 514.769 1233.774 585.047
1163.634 514.670 1233.864 584.900
1163.838 514.520 1234.004 584.686
1164.116 514.318 1234.201 584.403
1164.469 514.068 1234.457 584.057
1164.889 513.784 1234.767 583.662
1165.365 513.484 1235.121 583.240
1165.880 513.186 1235.506 582.813
1166.420 512.912 1235.914 582.406
1166.979 512.677 1236.340 582.038
1167.559 512.495 1236.791 581.726
1168.180 512.372 1237.285 581.477
1168.872 512.304 1237.853 581.286
1169.668 512.283 1238.529 581.144
1170.594 512.294 1239.336 581.036
1171.654 512.327 1240.276 580.948
1172.827 512.370 1241.328 580.871
1174.077 512.417 1242.456 580.796
1175.356 512.461 1243.614 580.718
1176.612 512.498 1244.749 580.635
1177.786 512.526 1245.805 580.546
1178.812 512.551 1246.717 580.455
1179.606 512.588 1247.399 580.382
1180.065 512.671 1247.751 580.357
1180.075 512.848 1247.656 580.428
1179.527 513.168 1247.002 580.644
1178.345 513.672 1245.715 581.042
1176.510 514.371 1243.774 581.635
1174.064 515.247 1241.221 582.404
1171.094 516.253 1238.144 583.303
1167.718 517.325 1234.663 584.271
1164.068 518.390 1230.914 585.237
1160.275 519.375 1227.031 586.131
1156.453 520.216 1223.132 586.895
1152.686 520.866 1219.308 587.489
1149.016 521.307 1215.610 587.902
1145.432 521.552 1212.036 588.156
1141.887 521.641 1208.546 588.300
1138.315 521.628 1205.078 588.391
1134.660 521.562 1201.578 588.480
1130.897 521.480 1198.011 588.594
1127.026 521.402 1194.367 588.743
1123.070 521.333 1190.654 588.917
1119.064 521.276 1186.890 589.102
1115.050 521.227 1183.101 589.277
1111.069 521.186 1179.313 589.429
1107.163 521.154 1175.557 589.548
1103.367 521.134 1171.867 589.634
1099.714 521.131 1168.275 589.693
1096.218 521.148 1164.806 589.736
1092.879 521.186 1161.467 589.774
1089.673 521.244 1158.247 589.818
1086.562 521.319 1155.113 589.870
1083.495 521.407 1152.019 589.931
1080.418 521.504 1148.912 589.999
1077.274 521.606 1145.735 590.068
1074.003 521.708 1142.428 590.134
1070.536 521.802 1138.928 590.194
1066.793 521.877 1135.161 590.245
1062.677 521.913 1131.050 590.287
1058.087 521.890 1126.515 590.317
1052.937 521.782 1121.488 590.333
1047.173 521.574 1115.936 590.336
1040.803 521.259 1109.869 590.326
1033.884 520.845 1103.342 590.303
1026.521 520.350 1096.439 590.267
1018.845 519.798 1089.264 590.217
1010.997 519.217 1081.930 590.150
1003.120 518.635 1074.548 590.063
995.342 518.079 1067.216 589.954
987.762 517.567 1060.016 589.821
980.439 517.112 1052.994 589.667
973.384 516.715 1046.162 589.494
966.559 516.369 1039.495 589.304
959.906 516.061 1032.947 589.102
953.363 515.778 1026.477 588.893
946.887 515.511 1020.056 588.680
940.454 515.252 1013.670 588.469
934.061 515.000 1007.324 588.263
927.713 514.753 1001.026 588.066
921.419 514.510 994.787 587.879
915.184 514.271 988.615 587.702
909.009 514.033 982.509 587.533
902.882 513.792 976.461 587.371
896.788 513.543 970.454 587.209
890.708 513.282 964.472 587.046
884.631 513.007 958.502 586.877
878.557 512.720 952.542 586.705
872.500 512.426 946.608 586.534
866.488 512.131 940.725 586.368
860.560 511.847 934.932 586.219
854.758 511.583 929.268 586.094
849.118 511.350 923.773 586.005
843.665 511.157 918.471 585.964
838.394 511.012 913.365 585.982
833.270 510.919 908.424 586.073
828.223 510.879 903.588 586.244
823.171 510.886 898.784 586.498
818.053 510.934 893.954 586.834
812.858 511.013 889.087 587.242
807.633 511.115 884.223 587.706
802.480 511.231 879.453 588.204
797.541 511.355 874.899 588.713
792.976 511.479 870.702 589.205
788.943 511.597 867.001 589.656
785.576 511.703 863.916 590.043
782.956 511.792 861.516 590.353
781.086 511.861 859.802 590.578
779.879 511.912 858.691 590.724
779.177 511.946 858.037 590.806
778.791 511.969 857.667 590.844
778.561 511.984 857.435 590.858
778.380 511.995 857.246 590.862
778.191 512.005 857.054 590.868
777.981 512.015 856.846 590.880
777.754 512.025 856.630 590.901
777.524 512.036 856.419 590.931
777.313 512.048 856.228 590.964
777.154 512.064 856.083 590.993
777.100 512.087 856.023 591.010
777.221 512.120 856.102 591.002
777.595 512.169 856.383 590.956
778.285 512.235 856.915 590.866
779.314 512.322 857.719 590.726
780.665 512.427 858.782 590.544
782.279 512.548 860.061 590.330
784.076 512.680 861.495 590.100
785.960 512.820 863.014 589.874
787.838 512.962 864.549 589.672
789.625 513.102 866.039 589.516
791.261 513.238 867.444 589.420
792.718 513.370 868.746 589.399
794.002 513.499 869.960 589.458
795.152 513.630 871.120 589.598
796.217 513.763 872.266 589.812
797.240 513.902 873.426 590.089
798.241 514.046 874.607 590.412
799.219 514.191 875.791 590.762
800.158 514.333 876.945 591.120
801.029 514.467 878.029 591.466
801.804 514.587 879.000 591.783
802.457 514.690 879.822 592.054
802.974 514.771 880.474 592.272
803.354 514.832 880.954 592.431
803.615 514.872 881.280 592.537
803.784 514.898 881.487 592.601
803.896 514.914 881.617 592.635
803.978 514.926 881.706 592.654
804.049 514.935 881.780 592.667
804.117 514.944 881.851 592.679
804.183 514.953 881.923 592.693
804.246 514.962 881.993 592.709
804.302 514.970 882.059 592.726
804.349 514.977 882.114 592.743
804.384 514.983 882.158 592.756
804.410 514.987 882.186 592.763
804.428 514.990 882.198 592.761
804.440 514.993 882.193 592.746
804.448 514.995 882.170 592.717
804.455 514.996 882.130 592.672
804.461 514.997 882.075 592.612
804.466 514.999 882.009 592.541
804.471 515.000 881.935 592.463
804.476 515.001 881.858 592.382
804.482 515.002 881.779 592.299
804.488 515.003 881.693 592.208
804.496 515.004 881.585 592.094
804.503 515.006 881.430 591.933
804.506 515.008 881.192 591.694
804.503 515.012 880.836 591.344
804.488 515.016 880.334 590.861
804.460 515.021 879.678 590.240
804.422 515.028 878.888 589.494
804.389 515.036 878.012 588.659
804.387 515.044 877.125 587.781
804.445 515.051 876.310 586.916
804.579 515.058 875.640 586.118
804.770 515.065 875.143 585.438
804.927 515.074 874.764 584.911
804.872 515.090 874.339 584.557
804.346 515.119 873.604 584.377
803.060 515.168 872.246 584.354
800.790 515.243 870.005 584.457
797.457 515.345 866.766 584.653
793.146 515.471 862.584 584.909
788.087 515.615 857.668 585.196
782.607 515.768 852.332 585.492
777.081 515.920 846.942 585.781
771.884 516.059 841.872 586.047
767.344 516.178 837.447 586.281
763.698 516.270 833.902 586.474
761.044 516.333 831.335 586.623
759.324 516.368 829.687 586.731
758.339 516.383 828.761 586.805
757.829 516.383 828.299 586.854
757.555 516.377 828.065 586.887
757.353 516.370 827.897 586.914
757.138 516.364 827.712 586.937
756.890 516.360 827.490 586.961
756.622 516.359 827.248 586.986
756.361 516.359 827.016 587.014
756.136 516.361 826.822 587.048
755.971 516.362 826.699 587.090
755.890 516.358 826.675 587.144
755.919 516.345 826.785 587.211
756.080 516.316 827.057 587.293
756.389 516.266 827.511 587.389
756.843 516.191 828.146 587.495
757.423 516.092 828.940 587.608
758.097 515.970 829.850 587.722
758.822 515.829 830.823 587.830
759.551 515.676 831.800 587.925
760.235 515.515 832.720 588.000
760.830 515.347 833.527 588.044
761.296 515.172 834.173 588.050
761.601 514.983 834.622 588.005
761.727 514.768 834.858 587.899
761.667 514.513 834.877 587.723
761.426 514.208 834.693 587.474
761.019 513.852 834.326 587.159
760.462 513.452 833.800 586.790
759.776 513.022 833.141 586.387
758.984 512.585 832.375 585.975
758.112 512.162 831.529 585.579
757.177 511.780 830.622 585.225
756.184 511.457 829.661 584.934
755.116 511.211 828.630 584.725
753.918 511.047 827.479 584.608
752.505 510.964 826.122 584.581
750.772 510.948 824.460 584.635
748.631 510.981 822.403 584.752
746.033 511.045 819.902 584.915
742.983 511.127 816.961 585.106
739.530 511.217 813.625 585.311
735.757 511.308 809.969 585.520
731.758 511.398 806.084 585.724
727.631 511.482 802.061 585.912
723.462 511.557 797.979 586.074
719.313 511.616 793.897 586.200
715.215 511.651 789.842 586.278
711.165 511.651 785.808 586.294
707.128 511.608 781.760 586.240
703.056 511.514 777.652 586.110
698.909 511.368 773.449 585.907
694.666 511.173 769.133 585.640
690.324 510.938 764.706 585.319
685.896 510.672 760.187 584.963
681.402 510.386 755.603 584.587
676.867 510.092 750.983 584.207
672.314 509.797 746.356 583.839
667.759 509.508 741.744 583.493
663.213 509.223 737.162 583.172
658.678 508.937 732.616 582.875
654.151 508.643 728.104 582.596
649.621 508.331 723.619 582.329
645.081 508.001 719.148 582.068
640.521 507.653 714.683 581.815
635.940 507.295 710.216 581.571
631.337 506.936 705.742 581.341
626.715 506.586 701.260 581.131
622.073 506.260 696.765 580.953
617.399 505.976 692.245 580.822
612.666 505.759 687.675 580.767
607.828 505.644 683.013 580.829
602.821 505.673 678.207 581.059
597.588 505.885 673.207 581.505
592.094 506.306 667.986 582.198
586.352 506.933 662.557 583.138
580.424 507.741 656.976 584.294
574.414 508.682 651.337 585.605
568.458 509.694 645.756 586.992
562.701 510.708 640.361 588.367
557.292 511.656 635.278 589.643
552.352 512.474 630.616 590.737
547.965 513.109 626.441 591.585
544.148 513.527 622.769 592.147
540.849 513.716 619.548 592.415
537.955 513.691 616.675 592.411
535.337 513.482 614.035 592.180
532.891 513.130 611.537 591.777
530.561 512.678 609.138 591.255
528.343 512.164 606.843 590.664
526.269 511.625 604.691 590.047
524.391 511.093 602.738 589.440
522.767 510.599 601.046 588.878
521.443 510.171 599.663 588.392
520.441 509.829 598.613 588.001
519.753 509.582 597.887 587.716
519.334 509.423 597.440 587.530
519.115 509.336 597.202 587.423
519.018 509.293 597.092 587.367
518.979 509.274 597.044 587.339
518.955 509.262 597.012 587.319
518.922 509.247 596.972 587.298
518.870 509.229 596.914 587.273
518.796 509.207 596.834 587.245
518.704 509.184 596.736 587.216
518.606 509.163 596.632 587.189
518.530 509.147 596.551 587.168
518.527 509.141 596.543 587.158
518.669 509.152 596.682 587.165
519.037 509.186 597.047 587.196
519.692 509.247 597.700 587.255
520.655 509.338 598.661 587.344
521.900 509.455 599.904 587.459
523.361 509.592 601.364 587.594
524.946 509.740 602.948 587.741
526.547 509.890 604.547 587.890
528.058 510.032 606.056 588.031
529.383 510.157 607.380 588.154
530.455 510.259 608.450 588.254
531.244 510.335 609.236 588.328
531.763 510.385 609.753 588.375
532.067 510.416 610.054 588.403
532.228 510.432 610.212 588.415
532.315 510.441 610.294 588.420
532.374 510.447 610.349 588.421
532.434 510.452 610.403 588.422
532.502 510.458 610.467 588.423
532.579 510.466 610.538 588.425
532.660 510.474 610.613 588.427
532.742 510.484 610.688 588.430
532.822 510.494 610.761 588.432
532.901 510.506 610.830 588.435
532.978 510.519 610.895 588.436
533.052 510.534 610.954 588.436
533.124 510.551 611.005 588.433
533.194 510.571 611.050 588.427
533.260 510.592 611.087 588.419
533.324 510.615 611.118 588.409
533.382 510.639 611.141 588.397
533.434 510.660 611.156 588.382
533.479 510.680 611.163 588.364
533.525 510.700 611.168 588.342
533.593 510.726 611.184 588.317
533.717 510.773 611.237 588.292
533.948 510.858 611.363 588.273
534.337 511.001 611.602 588.267
534.923 511.219 611.984 588.280
535.719 511.516 612.518 588.314
536.703 511.883 613.187 588.367
537.827 512.304 613.956 588.433
539.024 512.753 614.778 588.506
540.219 513.201 615.596 588.579
541.336 513.621 616.357 588.642
542.309 513.987 617.013 588.691
543.091 514.282 617.529 588.720
543.664 514.498 617.894 588.728
544.040 514.641 618.117 588.719
544.261 514.726 618.233 588.698
544.384 514.773 618.284 588.673
544.456 514.802 618.306 588.652
544.513 514.824 618.324 588.636
544.570 514.847 618.347 588.624
544.633 514.872 618.376 588.615
544.697 514.897 618.406 588.606
544.756 514.919 618.430 588.593
544.805 514.938 618.443 588.577
544.841 514.952 618.444 588.555
544.863 514.960 618.432 588.529
544.871 514.964 618.407 588.500
544.868 514.964 618.372 588.469
544.853 514.962 618.328 588.437
544.828 514.958 618.276 588.407
544.795 514.954 618.218 588.377
544.756 514.949 618.157 588.349
544.714 514.944 618.094 588.324
544.672 514.940 618.032 588.300
544.633 514.936 617.974 588.277
544.594 514.933 617.913 588.251
544.546 514.929 617.834 588.217
544.466 514.918 617.710 588.162
544.326 514.897 617.503 588.075
544.089 514.859 617.172 587.942
543.729 514.799 616.683 587.754
543.235 514.717 616.026 587.508
542.616 514.613 615.214 587.211
541.898 514.494 614.280 586.876
541.118 514.365 613.272 586.519
540.318 514.234 612.246 586.162
539.540 514.108 611.259 585.827
538.822 513.997 610.360 585.535
538.192 513.911 609.590 585.308
537.661 513.860 608.971 585.170
537.227 513.858 608.507 585.138
536.871 513.914 608.182 585.225
536.568 514.034 607.969 585.434
536.296 514.215 607.838 585.757
536.041 514.450 607.765 586.174
535.796 514.723 607.731 586.659
535.565 515.018 607.726 587.179
535.351 515.313 607.740 587.702
535.163 515.591 607.767 588.195
535.006 515.835 607.800 588.629
534.882 516.031 607.835 588.984
534.791 516.175 607.867 589.252
534.728 516.270 607.894 589.437
534.686 516.326 607.914 589.554
534.658 516.357 607.927 589.627
534.636 516.375 607.935 589.674
534.618 516.389 607.939 589.710
534.599 516.403 607.942 589.745
534.582 516.418 607.945 589.781
534.566 516.434 607.948 589.816
534.551 516.448 607.952 589.850
534.539 516.461 607.957 589.879
534.530 516.471 607.962 589.903
534.523 516.477 607.967 589.921
534.519 516.482 607.971 589.935
534.516 516.485 607.975 589.945
534.513 516.487 607.978 589.952
534.512 516.489 607.981 589.958
534.510 516.490 607.983 589.963
534.508 516.492 607.985 589.969
534.507 516.493 607.987 589.973
534.505 516.495 607.989 589.978
534.504 516.496 607.990 589.982
534.503 516.497 607.992 589.985
534.503 516.498 607.993 589.988
534.502 516.498 607.994 589.990
534.502 516.498 607.995 589.992
534.501 516.499 607.995 589.993
534.501 516.499 607.996 589.994
534.501 516.499 607.996 589.995
534.501 516.499 607.997 589.995
534.501 516.499 607.997 589.996
534.501 516.499 607.998 589.997
534.500 516.500 607.998 589.997
534.500 516.500 607.998 589.998
534.500 516.500 607.999 589.998
534.500 516.500 607.999 589.998
534.500 516.500 607.999 589.999
534.500 516.500 607.999 589.999
534.500 516.500 607.999 589.999
534.500 516.500 607.999 589.999
534.500 516.500 607.999 589.999
534.500 516.500 607.999 589.999
534.500 516.500 608.000 589.999
534.500 516.500 608.000 590.000
534.500 516.500 608.000 590.000
534.500 516.500 608.000 590.000
534.500 516.500 608.000 590.000
534.500 516.500 608.000 590.000
534.500 516.500 608.000 590.000
534.500 516.500 608.000 590.000
534.500 516.500 608.000 590.000
534.500 516.500 608.000 590.000
534.500 516.500 608.000 590.000
534.500 516.500 608.000 590.000
534.500 516.500 608.000 590.000
534.500 516.500 608.000 590.000
534.500 516.500 608.000 590.000
534.500 516.500 608.000 590.000
534.500 516.500 608.000 590.000
534.500 516.500 608.000 590.000
534.500 516.500 608.000 590.000
534.500 516.500 608.000 590.000
534.500 516.500 608.000 590.000
534.500 516.500 608.000 590.000
534.500 516.500 608.000 590.000
534.500 516.500 608.000 590.000
534.500 516.500 608.000 590.000
534.500 516.500 608.000 590.000
534.500 516.500 608.000 590.000
534.500 516.500 608.000 590.000
534.500 516.500 608.000 590.000
534.500 516.500 608.000 590.000
534.500 516.500 608.000 590.000
534.500 516.500 608.000 590.000
534.500 516.500 608.000 590.000
534.500 516.500 608.000 590.000
534.500 516.500 608.000 590.000
534.500 516.500 608.000 590.000
534.500 516.500 608.000 590.000
534.500 516.500 608.000 590.000
534.500 516.500 608.000 590.000
534.500 516.500 608.000 590.000
534.500 516.500 608.000 590.000
534.500 516.500 608.000 590.000
534.500 516.500 608.000 590.000
534.500 516.500 608.000 590.000
534.500 516.500 608.000 590.000
534.500 516.500 608.000 590.000
534.500 516.500 608.000 590.000
534.500 516.500 608.000 590.000
534.500 516.500 608.000 590.000
534.500 516.500 608.000 590.000
534.500 516.500 608.000 590.000
534.500 516.500 608.000 590.000
534.500 516.500 608.000 590.000
534.500 516.500 608.000 590.000
534.500 516.500 608.000 590.000
534.500 516.500 608.000 590.000
534.500 516.500 608.000 590.000
534.500 516.500 608.000 590.000
534.500 516.500 608.000 590.000
534.500 516.500 608.000 590.000
534.500 516.500 608.000 590.000
534.500 516.500 608.000 590.000
534.500 516.500 608.000 590.000
534.500 516.500 608.000 590.000
534.500 516.500 608.000 590.000
534.500 516.500 608.000 590.000
534.500 516.500 608.000 590.000
534.500 516.500 608.000 590.000
534.500 516.500 608.000 590.000
534.500 516.500 608.000 590.000
534.500 516.500 608.000 590.000
534.500 516.500 608.000 589.999
534.500 516.500 608.000 589.999
534.500 516.500 608.000 589.999
534.501 516.500 608.000 589.999
534.501 516.500 608.000 589.999
534.501 516.500 608.000 589.999
534.501 516.500 608.000 589.999
534.501 516.500 608.000 589.998
534.501 516.500 607.999 589.998
534.501 516.500 607.999 589.998
534.502 516.500 608.000 589.997
534.502 516.499 608.000 589.997
534.503 516.499 608.000 589.996
534.504 516.499 608.000 589.995
534.505 516.499 608.000 589.994
534.506 516.499 608.001 589.993
534.508 516.498 608.001 589.992
534.509 516.498 608.001 589.991
534.510 516.498 608.001 589.989
534.512 516.497 608.002 589.987
534.514 516.497 608.003 589.985
534.518 516.496 608.004 589.983
534.522 516.495 608.006 589.979
534.529 516.494 608.010 589.974
534.538 516.492 608.015 589.968
534.549 516.489 608.021 589.961
534.562 516.487 608.028 589.953
534.575 516.484 608.036 589.945
534.590 516.481 608.045 589.936
534.604 516.478 608.053 589.926
534.620 516.474 608.061 589.915
534.640 516.470 608.072 589.902
534.668 516.464 608.088 589.885
534.709 516.455 608.114 589.861
534.770 516.441 608.156 589.828
534.854 516.422 608.216 589.784
534.963 516.397 608.297 589.731
535.094 516.368 608.396 589.670
535.240 516.337 608.509 589.606
535.393 516.307 608.628 589.542
535.546 516.279 608.747 589.479
535.706 516.252 608.868 589.414
535.893 516.216 609.007 589.329
536.158 516.155 609.202 589.199
536.572 516.044 609.512 588.983
537.218 515.855 610.006 588.642
538.167 515.568 610.745 588.146
539.454 515.178 611.763 587.486
541.074 514.694 613.059 586.679
542.985 514.141 614.609 585.765
545.121 513.554 616.366 584.798
547.406 512.970 618.277 583.841
549.762 512.429 620.288 582.955
552.121 511.966 622.352 582.197
554.433 511.606 624.436 581.608
556.676 511.367 626.521 581.211
558.854 511.247 628.611 581.004
560.995 511.235 630.724 580.964
563.137 511.309 632.884 581.055
565.310 511.447 635.104 581.240
567.527 511.630 637.384 581.487
569.782 511.845 639.710 581.773
572.055 512.082 642.053 582.080
574.319 512.333 644.384 582.398
576.546 512.593 646.671 582.718
578.717 512.859 648.893 583.034
580.826 513.131 651.040 583.345
582.889 513.417 653.125 583.653
584.936 513.728 655.175 583.967
587.008 514.077 657.230 584.299
589.135 514.475 659.318 584.658
591.323 514.925 661.447 585.048
593.549 515.419 663.596 585.466
595.760 515.940 665.718 585.898
597.887 516.469 667.750 586.331
599.851 516.980 669.617 586.746
601.570 517.449 671.245 587.124
602.978 517.850 672.574 587.445
604.033 518.157 673.566 587.690
604.731 518.346 674.225 587.840
605.111 518.397 674.592 587.878
605.249 518.298 674.747 587.796
605.234 518.046 674.779 587.592
605.144 517.653 674.766 587.275
605.032 517.138 674.756 586.862
604.926 516.531 674.774 586.379
604.836 515.865 674.824 585.854
604.761 515.174 674.903 585.315
604.698 514.492 675.000 584.795
604.634 513.850 675.107 584.323
604.552 513.269 675.208 583.925
604.419 512.760 675.281 583.621
604.194 512.320 675.295 583.422
603.829 511.935 675.218 583.325
603.289 511.586 675.024 583.322
602.566 511.257 674.706 583.397
601.678 510.937 674.275 583.534
600.671 510.627 673.760 583.716
599.607 510.331 673.200 583.924
598.554 510.059 672.639 584.143
597.584 509.819 672.122 584.356
596.759 509.620 671.689 584.550
596.120 509.466 671.367 584.713
595.686 509.358 671.168 584.840
595.442 509.289 671.085 584.932
595.348 509.249 671.090 584.992
595.351 509.228 671.151 585.028
595.404 509.216 671.236 585.048
595.472 509.207 671.326 585.061
595.534 509.196 671.409 585.072
595.578 509.185 671.479 585.085
595.600 509.171 671.529 585.101
595.599 509.157 671.560 585.118
595.586 509.143 671.578 585.135
595.590 509.132 671.604 585.146
595.664 509.130 671.682 585.148
595.881 509.142 671.876 585.138
596.323 509.177 672.258 585.112
597.054 509.239 672.883 585.068
598.095 509.331 673.771 585.007
599.419 509.449 674.900 584.930
600.960 509.588 676.211 584.839
602.620 509.738 677.622 584.741
604.290 509.890 679.040 584.640
605.860 510.033 680.369 584.542
607.234 510.158 681.528 584.452
608.342 510.259 682.456 584.374
609.155 510.333 683.130 584.308
609.691 510.382 683.564 584.256
610.007 510.411 683.811 584.215
610.182 510.427 683.939 584.184
610.284 510.436 684.009 584.161
610.363 510.443 684.063 584.142
610.444 510.450 684.120 584.126
610.531 510.458 684.185 584.112
610.621 510.466 684.253 584.098
610.705 510.473 684.315 584.084
610.776 510.480 684.368 584.072
610.832 510.485 684.407 584.061
610.871 510.488 684.434 584.051
610.897 510.491 684.450 584.044
610.914 510.492 684.460 584.038
610.926 510.493 684.465 584.033
610.935 510.494 684.470 584.029
610.944 510.495 684.474 584.025
610.953 510.496 684.479 584.022
610.961 510.497 684.484 584.019
610.969 510.497 684.488 584.016
610.976 510.498 684.492 584.014
610.982 510.498 684.495 584.011
610.986 510.499 684.497 584.010
610.989 510.499 684.498 584.008
610.991 510.499 684.499 584.007
610.993 510.499 684.499 584.006
610.994 510.499 684.499 584.005
610.995 510.500 684.500 584.005
610.995 510.500 684.500 584.004
610.996 510.500 684.500 584.003
610.997 510.500 684.500 584.003
610.997 510.500 684.500 584.003
610.998 510.500 684.500 584.002
610.998 510.500 684.500 584.002
610.999 510.500 684.500 584.001
610.999 510.500 684.500 584.001
610.999 510.500 684.500 584.001
610.999 510.500 684.500 584.001
610.999 510.500 684.500 584.001
611.000 510.500 684.500 584.001
611.000 510.500 684.500 584.001
611.000 510.500 684.500 584.001
611.000 510.500 684.500 584.000
611.000 510.500 684.500 584.000
611.000 510.500 684.500 584.000
611.000 510.500 684.500 584.000
611.000 510.500 684.500 584.000
611.000 510.500 684.500 584.000
611.000 510.500 684.500 584.000
611.000 510.500 684.500 584.000
611.000 510.500 684.500 584.000
611.000 510.500 684.500 584.000
611.000 510.500 684.500 584.000
611.000 510.500 684.500 584.000
611.000 510.500 684.500 584.000
611.000 510.500 684.500 584.000
611.000 510.500 684.500 584.000
611.000 510.500 684.499 584.000
611.000 510.500 684.499 584.000
611.000 510.500 684.499 584.000
611.000 510.500 684.499 584.000
611.000 510.500 684.499 583.999
611.000 510.500 684.499 583.999
610.999 510.500 684.498 583.999
610.999 510.500 684.498 583.999
610.999 510.500 684.497 583.999
610.999 510.501 684.497 583.999
610.998 510.501 684.496 583.999
610.998 510.501 684.496 583.998
610.998 510.501 684.495 583.998
610.997 510.501 684.494 583.998
610.997 510.501 684.493 583.998
610.996 510.502 684.492 583.997
610.996 510.502 684.491 583.997
610.994 510.503 684.489 583.997
610.993 510.503 684.486 583.996
610.990 510.504 684.482 583.996
610.988 510.506 684.478 583.995
610.985 510.507 684.473 583.995
610.981 510.509 684.467 583.995
610.978 510.510 684.461 583.994
610.974 510.512 684.456 583.993
610.970 510.514 684.449 583.992
610.966 510.516 684.441 583.991
610.959 510.519 684.430 583.990
610.948 510.524 684.415 583.990
610.933 510.531 684.392 583.990
610.910 510.541 684.361 583.992
610.882 510.554 684.323 583.995
610.848 510.569 684.278 583.999
610.812 510.586 684.230 584.003
610.778 510.602 684.182 584.007
610.746 510.618 684.137 584.009
610.715 510.633 684.091 584.009
610.674 510.653 684.032 584.011
610.604 510.684 683.938 584.018
610.476 510.740 683.776 584.040
610.259 510.833 683.510 584.084
609.929 510.973 683.115 584.159
609.479 511.163 682.581 584.266
608.922 511.400 681.924 584.402
608.286 511.672 681.174 584.560
607.611 511.965 680.376 584.730
606.942 512.261 679.582 584.901
606.323 512.542 678.841 585.060
605.794 512.793 678.199 585.199
605.384 513.003 677.689 585.309
605.105 513.166 677.327 585.387
604.954 513.282 677.107 585.435
604.907 513.360 677.007 585.459
604.937 513.409 676.996 585.468
605.016 513.443 677.042 585.468
605.122 513.468 677.121 585.466
605.240 513.490 677.215 585.464
605.357 513.511 677.309 585.463
605.464 513.534 677.392 585.462
605.557 513.559 677.459 585.461
605.644 513.587 677.518 585.460
605.761 513.623 677.599 585.461
605.971 513.672 677.765 585.466
606.369 513.742 678.108 585.482
607.061 513.842 678.732 585.512
608.132 513.976 679.719 585.563
609.616 514.148 681.104 585.635
611.489 514.356 682.861 585.728
613.674 514.596 684.918 585.839
616.064 514.859 687.167 585.962
618.530 515.137 689.485 586.092
620.949 515.423 691.747 586.221
623.208 515.710 693.841 586.343
625.228 515.996 695.683 586.451
626.972 516.283 697.227 586.538
628.450 516.577 698.474 586.601
629.716 516.888 699.466 586.638
630.840 517.222 700.266 586.648
631.884 517.582 700.935 586.633
632.883 517.962 701.516 586.596
633.850 518.353 702.036 586.539
634.783 518.742 702.511 586.470
635.664 519.113 702.947 586.396
636.469 519.449 703.343 586.323
637.161 519.735 703.686 586.260
637.679 519.953 703.938 586.211
637.938 520.086 704.032 586.179
637.831 520.120 703.872 586.161
637.252 520.046 703.360 586.153
636.133 519.858 702.420 586.146
634.470 519.564 701.038 586.132
632.330 519.176 699.260 586.105
629.839 518.712 697.185 586.058
627.160 518.194 694.947 585.982
624.473 517.646 692.699 585.871
621.962 517.088 690.594 585.720
619.794 516.541 688.775 585.521
618.108 516.016 687.360 585.268
616.992 515.518 686.428 584.954
616.476 515.041 686.007 584.572
616.528 514.571 686.074 584.117
617.072 514.097 686.568 583.593
618.018 513.610 687.415 583.007
619.278 513.112 688.543 582.377
620.776 512.608 689.891 581.722
622.451 512.111 691.407 581.067
624.248 511.635 693.046 580.433
626.120 511.198 694.770 579.849
628.025 510.822 696.547 579.344
629.934 510.537 698.359 578.962
631.836 510.381 700.209 578.753
633.744 510.397 702.122 578.775
635.686 510.626 704.139 579.079
637.699 511.090 706.302 579.693
639.808 511.785 708.635 580.613
642.022 512.680 711.139 581.796
644.334 513.719 713.788 583.172
646.724 514.833 716.541 584.651
649.163 515.947 719.348 586.133
651.621 516.985 722.157 587.520
654.073 517.877 724.920 588.724
656.497 518.573 727.604 589.680
658.881 519.041 730.190 590.350
661.223 519.278 732.679 590.733
663.531 519.306 735.087 590.862
665.815 519.159 737.439 590.784
668.086 518.872 739.759 590.545
670.354 518.468 742.066 590.180
672.624 517.960 744.371 589.708
674.895 517.350 746.677 589.132
677.168 516.634 748.983 588.449
679.442 515.807 751.287 587.652
681.714 514.863 753.586 586.735
683.985 513.799 755.878 585.692
686.255 512.613 758.162 584.521
688.522 511.306 760.438 583.222
0.000 0.000 0.000 0.000
0.000 0.000 0.000 0.000
0.000 0.000 0.000 0.000
0.000 0.000 0.000 0.000
0.000 0.000 0.000 0.000
0.000 0.000 0.000 0.000
0.000 0.000 0.000 0.000
0.000 0.000 0.000 0.000
0.000 0.000 0.000 0.000
0.000 0.000 0.000 0.000
0.000 0.000 0.000 0.000
0.000 0.000 0.000 0.000
