1440.422 537.502 1501.978 599.058
1440.384 537.501 1502.217 599.335
1440.279 537.503 1502.348 599.571
1440.110 537.506 1502.371 599.768
1439.877 537.512 1502.292 599.928
1439.585 537.520 1502.119 600.055
1439.241 537.529 1501.866 600.154
1438.856 537.537 1501.550 600.230
1438.443 537.539 1501.190 600.286
1438.008 537.535 1500.799 600.326
1437.546 537.531 1500.366 600.351
1437.026 537.541 1499.849 600.364
1436.388 537.592 1499.166 600.370
1435.556 537.718 1498.215 600.378
1434.465 537.943 1496.912 600.390
1433.087 538.274 1495.222 600.409
1431.438 538.699 1493.169 600.431
1429.560 539.192 1490.821 600.452
1427.515 539.720 1488.268 600.473
1425.367 540.250 1485.611 600.493
1423.181 540.748 1482.951 600.517
1421.016 541.182 1480.379 600.544
1418.919 541.521 1477.966 600.568
1416.921 541.738 1475.757 600.574
1415.023 541.813 1473.750 600.540
1413.204 541.738 1471.910 600.444
1411.429 541.522 1470.178 600.271
1409.668 541.184 1468.502 600.018
1407.906 540.751 1466.850 599.696
1406.138 540.255 1465.206 599.323
1404.369 539.726 1463.569 598.927
1402.604 539.199 1461.942 598.537
1400.852 538.707 1460.327 598.182
1399.115 538.281 1458.727 597.893
1397.399 537.948 1457.144 597.693
1395.707 537.721 1455.582 597.596
1394.045 537.592 1454.049 597.596
1392.416 537.539 1452.549 597.672
1390.820 537.528 1451.089 597.797
1389.255 537.533 1449.667 597.945
1387.714 537.538 1448.275 598.099
1386.189 537.537 1446.902 598.250
1384.671 537.532 1445.533 598.394
1383.148 537.524 1444.152 598.528
1381.612 537.518 1442.743 598.649
1380.051 537.513 1441.291 598.753
1378.460 537.507 1439.782 598.829
1376.838 537.496 1438.210 598.868
1375.190 537.470 1436.575 598.856
1373.525 537.420 1434.884 598.780
1371.851 537.338 1433.145 598.633
1370.170 537.223 1431.364 598.417
1368.478 537.079 1429.543 598.144
1366.766 536.915 1427.680 597.829
1365.023 536.742 1425.775 597.493
1363.242 536.569 1423.831 597.158
1361.414 536.408 1421.849 596.843
1359.528 536.269 1419.827 596.568
1357.562 536.161 1417.751 596.350
1355.478 536.091 1415.585 596.198
1353.220 536.061 1413.272 596.114
1350.728 536.072 1410.748 596.092
1347.970 536.117 1407.971 596.119
1344.951 536.193 1404.942 596.185
1341.721 536.294 1401.704 596.278
1338.356 536.415 1398.333 596.392
1334.952 536.553 1394.922 596.522
1331.606 536.702 1391.571 596.667
1328.422 536.859 1388.384 596.821
1325.491 537.019 1385.452 596.980
1322.885 537.182 1382.842 597.138
1320.632 537.350 1380.569 597.286
1318.701 537.532 1378.588 597.419
1317.009 537.739 1376.799 597.529
1315.460 537.982 1375.092 597.614
1313.983 538.261 1373.393 597.671
1312.551 538.571 1371.682 597.701
1311.173 538.899 1369.982 597.708
1309.880 539.231 1368.347 597.697
1308.713 539.548 1366.840 597.674
1307.712 539.835 1365.523 597.646
1306.909 540.075 1364.452 597.618
1306.324 540.257 1363.660 597.593
1305.953 540.376 1363.149 597.572
1305.766 540.438 1362.884 597.556
1305.707 540.459 1362.794 597.547
1305.716 540.458 1362.802 597.544
1305.749 540.449 1362.846 597.546
1305.782 540.440 1362.893 597.551
1305.809 540.435 1362.928 597.555
1305.827 540.434 1362.950 597.557
1305.832 540.435 1362.953 597.556
1305.817 540.441 1362.930 597.554
1305.779 540.451 1362.881 597.553
1305.736 540.462 1362.827 597.554
1305.743 540.463 1362.836 597.556
1305.904 540.437 1363.022 597.554
1306.344 540.359 1363.526 597.541
1307.166 540.213 1364.465 597.512
1308.407 539.993 1365.880 597.467
1310.034 539.707 1367.737 597.411
1311.963 539.373 1369.942 597.351
1314.083 539.013 1372.367 597.297
1316.272 538.652 1374.876 597.256
1318.412 538.316 1377.333 597.237
1320.392 538.026 1379.614 597.247
1322.126 537.800 1381.620 597.295
1323.569 537.648 1383.303 597.382
1324.734 537.563 1384.677 597.505
1325.686 537.528 1385.814 597.656
1326.512 537.521 1386.811 597.821
1327.280 537.524 1387.744 597.988
1328.024 537.527 1388.650 598.153
1328.746 537.525 1389.531 598.310
1329.430 537.520 1390.365 598.456
1330.049 537.514 1391.124 598.589
1330.581 537.509 1391.777 598.704
1331.007 537.505 1392.301 598.798
1331.317 537.503 1392.683 598.869
1331.512 537.502 1392.926 598.915
1331.610 537.501 1393.049 598.941
1331.640 537.501 1393.090 598.951
1331.635 537.502 1393.085 598.952
1331.619 537.503 1393.065 598.949
1331.604 537.505 1393.045 598.947
1331.593 537.508 1393.032 598.947
1331.587 537.511 1393.025 598.949
1331.585 537.513 1393.025 598.953
1331.590 537.514 1393.035 598.958
1331.602 537.513 1393.053 598.963
1331.617 537.511 1393.073 598.967
1331.616 537.514 1393.071 598.970
1331.565 537.531 1393.006 598.972
1331.421 537.573 1392.824 598.976
1331.143 537.648 1392.480 598.984
1330.713 537.758 1391.950 598.995
1330.129 537.900 1391.237 599.008
1329.408 538.066 1390.364 599.022
1328.575 538.244 1389.365 599.034
1327.658 538.422 1388.280 599.044
1326.684 538.589 1387.146 599.050
1325.679 538.733 1385.998 599.052
1324.657 538.846 1384.859 599.048
1323.622 538.924 1383.735 599.037
1322.559 538.969 1382.611 599.022
1321.438 538.989 1381.453 599.004
1320.230 538.994 1380.222 598.987
1318.916 538.995 1378.893 598.972
1317.492 538.994 1377.458 598.960
1315.969 538.996 1375.924 598.951
1314.362 538.999 1374.307 598.945
1312.689 539.003 1372.629 598.942
1310.971 539.004 1370.908 598.941
1309.223 539.004 1369.159 598.941
1307.456 539.005 1367.388 598.936
1305.677 539.010 1365.582 598.915
1303.882 539.030 1363.716 598.865
1302.058 539.074 1361.753 598.770
1300.192 539.150 1359.662 598.620
1298.274 539.260 1357.426 598.412
1296.301 539.399 1355.053 598.151
1294.276 539.559 1352.566 597.849
1292.205 539.730 1350.000 597.524
1290.096 539.902 1347.394 597.199
1287.956 540.065 1344.788 596.896
1285.792 540.211 1342.218 596.637
1283.605 540.326 1339.717 596.437
1281.397 540.396 1337.308 596.308
1279.160 540.407 1335.003 596.250
1276.885 540.342 1332.798 596.255
1274.564 540.197 1330.678 596.311
1272.195 539.974 1328.626 596.405
1269.781 539.687 1326.619 596.525
1267.330 539.355 1324.637 596.662
1264.853 539.000 1322.658 596.805
1262.359 538.645 1320.662 596.947
1259.861 538.314 1318.625 597.078
1257.369 538.028 1316.532 597.191
1254.893 537.806 1314.370 597.284
1252.440 537.661 1312.139 597.360
1250.017 537.593 1309.850 597.426
1247.623 537.592 1307.523 597.492
1245.256 537.643 1305.180 597.567
1242.908 537.731 1302.838 597.661
1240.570 537.843 1300.502 597.775
1238.236 537.973 1298.173 597.910
1235.900 538.115 1295.846 598.062
1233.557 538.266 1293.516 598.225
1231.204 538.420 1291.175 598.392
1228.834 538.575 1288.816 598.556
1226.432 538.725 1286.421 598.713
1223.967 538.867 1283.961 598.860
1221.399 539.000 1281.395 598.995
1218.684 539.127 1278.680 599.123
1215.798 539.250 1275.794 599.246
1212.751 539.372 1272.747 599.368
1209.587 539.495 1269.583 599.491
1206.372 539.619 1266.368 599.616
1203.187 539.745 1263.183 599.741
1200.116 539.871 1260.112 599.868
1197.246 539.997 1257.243 599.995
1194.659 540.123 1254.656 600.121
1192.414 540.249 1252.412 600.247
1190.532 540.375 1250.530 600.373
1188.981 540.500 1248.980 600.498
1187.681 540.625 1247.678 600.623
1186.534 540.750 1246.530 600.747
1185.470 540.876 1245.464 600.870
1184.455 541.002 1244.445 600.992
1183.487 541.128 1243.473 601.114
1182.585 541.254 1242.566 601.235
1181.774 541.379 1241.752 601.357
1181.080 541.503 1241.056 601.480
1180.521 541.626 1240.497 601.602
1180.108 541.749 1240.081 601.723
1179.836 541.873 1239.801 601.838
1179.685 542.000 1239.627 601.943
1179.618 542.135 1239.516 602.033
1179.598 542.279 1239.420 602.101
1179.595 542.432 1239.309 602.146
1179.592 542.590 1239.170 602.168
1179.584 542.749 1239.004 602.168
1179.572 542.903 1238.822 602.153
1179.558 543.048 1238.639 602.129
1179.547 543.179 1238.469 602.101
1179.536 543.289 1238.322 602.075
1179.524 543.373 1238.202 602.051
1179.501 543.425 1238.104 602.028
1179.456 543.438 1238.013 601.996
1179.374 543.409 1237.909 601.944
1179.246 543.337 1237.772 601.863
1179.068 543.225 1237.593 601.750
1178.849 543.082 1237.373 601.606
1178.600 542.917 1237.121 601.439
1178.336 542.741 1236.854 601.259
1178.075 542.565 1236.589 601.079
1177.833 542.400 1236.343 600.910
1177.626 542.258 1236.132 600.765
1177.465 542.148 1235.969 600.652
1177.357 542.073 1235.859 600.575
1177.297 542.031 1235.798 600.533
1177.272 542.014 1235.774 600.515
1177.267 542.011 1235.769 600.513
1177.269 542.013 1235.772 600.515
1177.271 542.015 1235.773 600.518
1177.270 542.015 1235.772 600.518
1177.266 542.014 1235.769 600.517
1177.262 542.011 1235.765 600.515
1177.258 542.009 1235.761 600.512
1177.255 542.007 1235.758 600.510
1177.253 542.004 1235.756 600.507
1177.252 542.002 1235.755 600.505
1177.252 541.999 1235.756 600.502
1177.253 541.996 1235.758 600.501
1177.255 541.992 1235.763 600.500
1177.258 541.988 1235.771 600.501
1177.264 541.982 1235.783 600.502
1177.271 541.974 1235.799 600.503
1177.279 541.966 1235.816 600.503
1177.288 541.960 1235.832 600.503
1177.295 541.957 1235.843 600.504
1177.300 541.959 1235.849 600.508
1177.303 541.962 1235.856 600.515
1177.313 541.953 1235.883 600.522
1177.344 541.908 1235.959 600.522
1177.415 541.799 1236.121 600.504
1177.545 541.602 1236.402 600.459
1177.746 541.311 1236.817 600.382
1178.022 540.932 1237.366 600.276
1178.369 540.485 1238.030 600.145
1178.777 539.995 1238.778 599.996
1179.234 539.491 1239.574 599.831
1179.725 539.000 1240.381 599.656
1180.239 538.547 1241.168 599.476
1180.785 538.152 1241.929 599.296
1181.397 537.825 1242.692 599.119
1182.143 537.563 1243.528 598.948
1183.108 537.351 1244.538 598.781
1184.364 537.169 1245.811 598.616
1185.938 537.001 1247.389 598.452
1187.812 536.839 1249.264 598.291
1189.931 536.682 1251.386 598.138
1192.222 536.534 1253.684 597.996
1194.608 536.399 1256.078 597.870
1197.011 536.282 1258.490 597.761
1199.361 536.187 1260.847 597.673
1201.601 536.116 1263.092 597.607
1203.698 536.073 1265.192 597.567
1205.652 536.061 1267.147 597.556
1207.496 536.081 1268.991 597.575
1209.275 536.133 1270.768 597.626
1211.026 536.215 1272.517 597.706
1212.766 536.324 1274.253 597.811
1214.493 536.454 1275.976 597.936
1216.194 536.599 1277.673 598.078
1217.852 536.754 1279.328 598.229
1219.450 536.912 1280.924 598.386
1220.973 537.069 1282.446 598.542
1222.416 537.219 1283.888 598.691
1223.787 537.362 1285.251 598.826
1225.106 537.501 1286.549 598.943
1226.402 537.639 1287.801 599.038
1227.700 537.783 1289.026 599.109
1229.007 537.934 1290.230 599.157
1230.311 538.093 1291.402 599.183
1231.589 538.253 1292.526 599.190
1232.806 538.411 1293.577 599.182
1233.926 538.559 1294.529 599.163
1234.910 538.691 1295.355 599.136
1235.724 538.800 1296.030 599.107
1236.344 538.883 1296.537 599.077
1236.765 538.939 1296.875 599.048
1237.010 538.970 1297.065 599.024
1237.127 538.982 1297.148 599.004
1237.170 538.985 1297.173 598.989
1237.183 538.985 1297.177 598.978
1237.194 538.985 1297.180 598.970
1237.212 538.986 1297.191 598.964
1237.235 538.988 1297.207 598.960
1237.260 538.990 1297.227 598.957
1237.281 538.992 1297.245 598.956
1237.297 538.994 1297.260 598.957
1237.317 538.996 1297.274 598.954
1237.359 538.998 1297.297 598.936
1237.461 539.000 1297.349 598.889
1237.664 539.002 1297.456 598.794
1238.008 539.004 1297.645 598.641
1238.514 539.005 1297.934 598.425
1239.183 539.008 1298.330 598.154
1240.003 539.010 1298.834 597.842
1240.948 539.013 1299.444 597.508
1241.993 539.014 1300.154 597.175
1243.110 539.014 1300.959 596.863
1244.276 539.013 1301.858 596.595
1245.484 539.011 1302.860 596.386
1246.752 539.014 1303.990 596.252
1248.124 539.030 1305.296 596.202
1249.667 539.072 1306.835 596.240
1251.439 539.145 1308.653 596.360
1253.466 539.254 1310.764 596.552
1255.737 539.392 1313.144 596.799
1258.215 539.552 1315.748 597.085
1260.847 539.724 1318.517 597.393
1263.579 539.897 1321.392 597.710
1266.355 540.062 1324.312 598.019
1269.123 540.209 1327.223 598.308
1271.839 540.325 1330.076 598.563
1274.467 540.396 1332.838 598.767
1276.993 540.407 1335.493 598.907
1279.420 540.344 1338.050 598.973
1281.772 540.199 1340.534 598.962
1284.077 539.979 1342.978 598.879
1286.364 539.695 1345.407 598.738
1288.658 539.367 1347.845 598.555
1290.978 539.017 1350.309 598.347
1293.342 538.665 1352.809 598.133
1295.766 538.334 1355.360 597.928
1298.270 538.045 1357.973 597.748
1300.882 537.819 1360.669 597.606
1303.640 537.674 1363.472 597.507
1306.587 537.625 1366.415 597.453
1309.768 537.675 1369.527 597.434
1313.202 537.821 1372.820 597.439
1316.881 538.050 1376.286 597.455
1320.766 538.342 1379.898 597.474
1324.800 538.677 1383.613 597.490
1328.915 539.033 1387.388 597.505
1333.043 539.386 1391.175 597.519
1337.111 539.715 1394.929 597.532
1341.055 539.997 1398.603 597.545
1344.820 540.215 1402.159 597.554
1348.376 540.360 1405.573 597.557
1351.726 540.437 1408.843 597.555
1354.903 540.464 1411.990 597.551
1357.957 540.463 1415.044 597.550
1360.925 540.452 1418.026 597.553
1363.829 540.442 1420.947 597.560
1366.670 540.436 1423.802 597.567
1369.440 540.434 1426.580 597.573
1372.129 540.436 1429.268 597.575
1374.723 540.441 1431.855 597.573
1377.215 540.452 1434.334 597.571
1379.597 540.462 1436.706 597.572
1381.862 540.464 1438.981 597.583
1384.008 540.437 1441.182 597.610
1386.037 540.359 1443.337 597.659
1387.956 540.213 1445.475 597.732
1389.777 539.993 1447.615 597.831
1391.517 539.707 1449.764 597.954
1393.192 539.373 1451.916 598.097
1394.818 539.013 1454.056 598.251
1396.412 538.652 1456.164 598.404
1397.990 538.316 1458.221 598.546
1399.570 538.026 1460.211 598.667
1401.171 537.800 1462.130 598.760
1402.814 537.648 1463.985 598.818
1404.520 537.563 1465.796 598.839
1406.301 537.528 1467.592 598.819
1408.160 537.521 1469.399 598.760
1410.085 537.524 1471.228 598.667
1412.051 537.527 1473.073 598.548
1414.027 537.525 1474.915 598.413
1415.977 537.520 1476.727 598.270
1417.863 537.514 1478.475 598.126
1419.647 537.509 1480.126 597.987
1421.293 537.505 1481.651 597.862
1422.775 537.502 1483.037 597.764
1424.087 537.501 1484.296 597.711
1425.247 537.501 1485.470 597.725
1426.296 537.501 1486.624 597.829
1427.279 537.501 1487.816 598.037
1428.227 537.501 1489.077 598.351
1429.148 537.501 1490.405 598.757
1430.034 537.500 1491.764 599.231
1430.864 537.500 1493.105 599.741
1431.616 537.500 1494.368 600.251
1432.266 537.500 1495.494 600.728
1432.792 537.500 1496.432 601.140
1433.183 537.500 1497.147 601.464
1433.440 537.500 1497.632 601.692
1433.582 537.500 1497.912 601.829
1433.643 537.500 1498.040 601.897
1433.661 537.500 1498.082 601.922
1433.665 537.500 1498.091 601.927
1433.670 537.500 1498.098 601.928
1433.681 537.500 1498.114 601.933
1433.695 537.500 1498.138 601.943
1433.710 537.500 1498.166 601.955
1433.723 537.500 1498.191 601.968
1433.733 537.500 1498.211 601.978
1433.739 537.500 1498.225 601.986
1433.742 537.500 1498.232 601.990
1433.743 537.500 1498.235 601.992
1433.742 537.500 1498.232 601.991
1433.737 537.500 1498.225 601.988
1433.728 537.500 1498.211 601.983
1433.714 537.500 1498.190 601.976
1433.696 537.500 1498.163 601.968
1433.673 537.500 1498.132 601.959
1433.652 537.500 1498.103 601.951
1433.636 537.500 1498.081 601.945
1433.629 537.500 1498.068 601.940
1433.624 537.500 1498.057 601.933
1433.597 537.500 1498.015 601.918
1433.506 537.500 1497.890 601.884
1433.295 537.501 1497.614 601.819
1432.914 537.501 1497.124 601.711
1432.336 537.502 1496.390 601.556
1431.561 537.504 1495.410 601.353
1430.608 537.507 1494.210 601.109
1429.507 537.510 1492.830 600.833
1428.296 537.512 1491.318 600.534
1427.007 537.513 1489.718 600.224
1425.671 537.512 1488.068 599.909
1424.306 537.510 1486.390 599.595
1422.909 537.514 1484.680 599.284
1421.454 537.531 1482.902 598.978
1419.894 537.573 1480.996 598.675
1418.182 537.648 1478.908 598.374
1416.294 537.758 1476.610 598.074
1414.229 537.900 1474.105 597.776
1412.006 538.064 1471.427 597.485
1409.657 538.240 1468.623 597.206
1407.218 538.417 1465.748 596.947
1404.722 538.582 1462.856 596.716
1402.200 538.725 1459.998 596.523
1399.675 538.837 1457.217 596.379
1397.156 538.909 1454.540 596.294
1394.632 538.938 1451.974 596.280
1392.083 538.925 1449.506 596.348
1389.481 538.873 1447.108 596.500
1386.812 538.788 1444.755 596.731
1384.077 538.678 1442.424 597.025
1381.287 538.547 1440.101 597.361
1378.460 538.401 1437.772 597.713
1375.618 538.246 1435.425 598.054
1372.780 538.088 1433.048 598.356
1369.965 537.932 1430.629 598.595
1367.191 537.781 1428.161 598.752
1364.471 537.638 1425.646 598.813
1361.812 537.500 1423.089 598.776
1359.215 537.361 1420.504 598.649
1356.674 537.216 1417.905 598.447
1354.176 537.063 1415.303 598.190
1351.710 536.904 1412.703 597.897
1349.262 536.742 1410.107 597.587
1346.821 536.583 1407.513 597.275
1344.375 536.434 1404.916 596.976
1341.912 536.303 1402.313 596.703
1339.421 536.194 1399.698 596.471
1336.889 536.112 1397.065 596.288
1334.304 536.059 1394.405 596.160
1331.658 536.032 1391.707 596.081
1328.945 536.023 1388.963 596.042
1326.167 536.026 1386.168 596.027
1323.332 536.033 1383.323 596.024
1320.450 536.042 1380.434 596.027
1317.536 536.053 1377.513 596.030
1314.601 536.063 1374.572 596.034
1311.659 536.069 1371.626 596.035
1308.722 536.069 1368.687 596.033
1305.804 536.060 1365.767 596.023
1302.920 536.050 1362.878 596.008
1300.084 536.060 1360.024 595.999
1297.313 536.125 1357.205 596.017
1294.615 536.290 1354.415 596.090
1291.991 536.591 1351.642 596.242
1289.429 537.035 1348.872 596.479
1286.910 537.608 1346.093 596.791
1284.412 538.273 1343.294 597.155
1281.911 538.987 1340.469 597.546
1279.386 539.702 1337.619 597.934
1276.816 540.369 1334.741 598.294
1274.178 540.946 1331.833 598.601
1271.439 541.393 1328.882 598.837
1268.550 541.685 1325.864 598.999
1265.453 541.812 1322.740 599.099
1262.095 541.790 1319.468 599.162
1258.449 541.645 1316.026 599.223
1254.529 541.411 1312.422 599.303
1250.393 541.115 1308.692 599.414
1246.123 540.783 1304.894 599.553
1241.819 540.434 1301.093 599.709
1237.585 540.089 1297.362 599.867
1233.526 539.769 1293.773 600.015
1229.742 539.494 1290.394 600.145
1226.305 539.281 1287.276 600.252
1223.239 539.139 1284.435 600.334
1220.507 539.062 1281.839 600.394
1218.016 539.036 1279.415 600.435
1215.662 539.038 1277.085 600.462
1213.373 539.051 1274.802 600.480
1211.132 539.065 1272.563 600.496
1208.965 539.077 1270.400 600.512
1206.920 539.085 1268.365 600.530
1205.061 539.088 1266.519 600.546
1203.449 539.084 1264.919 600.554
1202.138 539.072 1263.618 600.552
1201.161 539.058 1262.649 600.546
1200.517 539.064 1262.010 600.557
1200.161 539.126 1261.656 600.621
1200.007 539.290 1261.504 600.786
1199.963 539.591 1261.459 601.087
1199.953 540.038 1261.450 601.535
1199.941 540.617 1261.438 602.114
1199.914 541.291 1261.412 602.788
1199.877 542.014 1261.375 603.511
1199.840 542.735 1261.338 604.234
1199.808 543.407 1261.307 604.906
1199.784 543.981 1261.284 605.480
1199.770 544.423 1261.270 605.923
1199.762 544.717 1261.262 606.217
1199.759 544.873 1261.260 606.374
1199.759 544.926 1261.262 606.429
1199.762 544.923 1261.267 606.428
1199.768 544.900 1261.276 606.408
1199.778 544.878 1261.289 606.389
1199.791 544.863 1261.306 606.378
1199.805 544.856 1261.325 606.376
1199.817 544.857 1261.340 606.380
1199.820 544.869 1261.345 606.393
1199.814 544.890 1261.339 606.415
1199.806 544.914 1261.332 606.440
1199.821 544.913 1261.356 606.448
1199.906 544.842 1261.464 606.399
1200.116 544.645 1261.719 606.248
1200.493 544.277 1262.171 605.955
1201.051 543.726 1262.836 605.511
1201.768 543.010 1263.691 604.932
1202.603 542.175 1264.683 604.255
1203.498 541.276 1265.748 603.526
1204.394 540.376 1266.813 602.796
1205.229 539.536 1267.806 602.114
1205.947 538.812 1268.661 601.527
1206.505 538.250 1269.327 601.072
1206.883 537.869 1269.780 600.766
1207.094 537.656 1270.037 600.599
1207.180 537.570 1270.145 600.535
1207.197 537.553 1270.170 600.527
1207.189 537.561 1270.165 600.536
1207.183 537.567 1270.160 600.543
1207.188 537.562 1270.166 600.540
1207.200 537.550 1270.181 600.532
1207.215 537.535 1270.201 600.521
1207.228 537.522 1270.218 600.511
1207.238 537.512 1270.232 600.505
1207.244 537.506 1270.240 600.502
1207.247 537.503 1270.244 600.501
1207.248 537.502 1270.246 600.500
1207.248 537.502 1270.247 600.501
1207.248 537.502 1270.247 600.501
1207.248 537.502 1270.247 600.501
1207.249 537.501 1270.248 600.500
1207.249 537.501 1270.248 600.500
1207.249 537.501 1270.249 600.500
1207.249 537.501 1270.249 600.500
1207.250 537.500 1270.249 600.500
1207.250 537.500 1270.250 600.500
1207.250 537.500 1270.250 600.500
1207.250 537.500 1270.250 600.500
1207.250 537.500 1270.250 600.500
1207.250 537.500 1270.250 600.500
1207.250 537.500 1270.250 600.500
1207.250 537.500 1270.250 600.500
1207.250 537.500 1270.250 600.500
1207.250 537.500 1270.250 600.500
1207.250 537.500 1270.250 600.500
1207.250 537.500 1270.250 600.500
1207.250 537.500 1270.250 600.500
1207.250 537.500 1270.250 600.500
1207.250 537.500 1270.250 600.500
1207.250 537.500 1270.250 600.500
1207.250 537.500 1270.250 600.500
1207.250 537.500 1270.250 600.500
1207.250 537.500 1270.250 600.500
1207.250 537.500 1270.250 600.500
1207.250 537.500 1270.250 600.500
1207.250 537.500 1270.250 600.500
1207.250 537.500 1270.250 600.500
1207.250 537.500 1270.250 600.500
1207.250 537.500 1270.250 600.500
1207.250 537.500 1270.250 600.500
1207.250 537.500 1270.250 600.500
1207.250 537.500 1270.250 600.500
1207.250 537.500 1270.250 600.500
1207.250 537.500 1270.250 600.500
1207.250 537.500 1270.250 600.500
1207.250 537.500 1270.250 600.500
1207.250 537.500 1270.250 600.500
1207.250 537.500 1270.250 600.500
1207.250 537.500 1270.250 600.500
1207.250 537.500 1270.250 600.500
1207.250 537.500 1270.250 600.500
1207.250 537.500 1270.250 600.500
1207.250 537.500 1270.250 600.500
1207.250 537.500 1270.250 600.500
1207.250 537.500 1270.250 600.500
1207.250 537.500 1270.250 600.500
1207.250 537.500 1270.250 600.500
1207.250 537.500 1270.250 600.500
1207.250 537.500 1270.250 600.499
1207.250 537.500 1270.250 600.499
1207.251 537.500 1270.249 600.499
1207.251 537.500 1270.249 600.498
1207.251 537.500 1270.249 600.498
1207.252 537.500 1270.249 600.498
1207.252 537.500 1270.249 600.498
1207.252 537.500 1270.249 600.497
1207.252 537.500 1270.249 600.497
1207.253 537.500 1270.248 600.495
1207.255 537.500 1270.247 600.492
1207.261 537.500 1270.248 600.487
1207.269 537.500 1270.249 600.480
1207.281 537.500 1270.253 600.471
1207.295 537.500 1270.258 600.463
1207.306 537.500 1270.262 600.456
1207.310 537.500 1270.262 600.452
1207.305 537.500 1270.256 600.451
1207.298 537.500 1270.245 600.447
1207.313 537.500 1270.244 600.431
1207.391 537.500 1270.276 600.386
1207.580 537.500 1270.375 600.294
1207.920 537.500 1270.564 600.144
1208.422 537.500 1270.851 599.929
1209.068 537.500 1271.224 599.656
1209.819 537.500 1271.659 599.339
1210.625 537.500 1272.125 599.000
1211.431 537.500 1272.591 598.661
1212.182 537.500 1273.026 598.344
1212.828 537.500 1273.399 598.071
1213.330 537.500 1273.686 597.856
1213.670 537.500 1273.875 597.706
1213.859 537.500 1273.974 597.614
1213.937 537.500 1274.006 597.569
1213.952 537.500 1274.005 597.553
1213.945 537.500 1273.994 597.549
1213.940 537.500 1273.988 597.548
1213.944 537.500 1273.988 597.544
1213.955 537.500 1273.992 597.537
1213.969 537.500 1273.997 597.529
1213.981 537.500 1274.001 597.520
1213.989 537.500 1274.002 597.513
1213.995 537.500 1274.003 597.508
1213.997 537.500 1274.002 597.505
1213.998 537.500 1274.001 597.503
1213.998 537.500 1274.001 597.503
1213.998 537.500 1274.001 597.502
1213.998 537.500 1274.001 597.502
1213.999 537.500 1274.001 597.502
1213.999 537.500 1274.001 597.502
1213.999 537.500 1274.001 597.501
1213.999 537.500 1274.000 597.501
1214.000 537.500 1274.000 597.501
1214.000 537.500 1274.000 597.500
1214.000 537.500 1274.000 597.500
1214.000 537.500 1274.000 597.500
1214.000 537.500 1274.000 597.500
1214.000 537.500 1274.000 597.500
1214.000 537.500 1274.000 597.500
1214.000 537.500 1274.000 597.500
1214.000 537.500 1274.001 597.501
1214.000 537.500 1274.001 597.501
1214.000 537.500 1274.001 597.501
1214.000 537.500 1274.001 597.501
1214.000 537.500 1274.001 597.501
1214.000 537.500 1274.002 597.502
1214.000 537.500 1274.002 597.502
1214.000 537.500 1274.002 597.502
1214.000 537.500 1274.002 597.502
1214.001 537.501 1274.003 597.503
1214.001 537.501 1274.005 597.505
1214.002 537.502 1274.009 597.509
1214.004 537.504 1274.014 597.514
1214.007 537.507 1274.021 597.521
1214.010 537.510 1274.029 597.529
1214.012 537.512 1274.034 597.534
1214.013 537.513 1274.037 597.537
1214.012 537.512 1274.037 597.537
1214.011 537.511 1274.037 597.537
1214.014 537.514 1274.049 597.549
1214.031 537.531 1274.088 597.588
1214.073 537.573 1274.176 597.676
1214.149 537.649 1274.327 597.827
1214.261 537.761 1274.546 598.046
1214.404 537.904 1274.826 598.326
1214.571 538.071 1275.151 598.651
1214.750 538.250 1275.500 599.000
1214.929 538.429 1275.849 599.349
1215.096 538.596 1276.174 599.674
1215.239 538.739 1276.454 599.954
1215.351 538.851 1276.673 600.173
1215.427 538.927 1276.824 600.324
1215.469 538.969 1276.912 600.412
1215.486 538.986 1276.951 600.451
1215.489 538.989 1276.963 600.463
1215.488 538.988 1276.963 600.463
1215.487 538.987 1276.963 600.463
1215.488 538.988 1276.966 600.466
1215.490 538.990 1276.971 600.471
1215.493 538.993 1276.979 600.479
1215.496 538.996 1276.986 600.486
1215.498 538.998 1276.991 600.491
1215.499 538.999 1276.995 600.495
1215.499 538.999 1276.997 600.497
1215.500 539.000 1276.998 600.498
1215.500 539.000 1276.998 600.498
1215.500 539.000 1276.998 600.498
1215.500 539.000 1276.999 600.499
1215.500 539.000 1276.999 600.499
1215.500 539.000 1276.999 600.499
1215.500 539.000 1276.999 600.499
1215.500 539.000 1276.999 600.499
1215.500 539.000 1277.000 600.500
1215.500 539.000 1277.000 600.500
1215.500 539.000 1277.000 600.500
1215.500 539.000 1277.000 600.500
1215.500 539.000 1277.000 600.500
1215.500 539.000 1277.000 600.500
1215.500 539.000 1277.000 600.500
1215.500 539.000 1277.000 600.500
1215.500 539.000 1277.000 600.500
1215.500 539.000 1277.000 600.500
1215.500 539.000 1277.000 600.500
1215.500 539.000 1277.000 600.500
1215.500 539.000 1277.000 600.500
1215.500 539.000 1277.000 600.500
1215.500 539.000 1277.000 600.500
1215.500 539.000 1277.000 600.500
1215.500 539.000 1277.000 600.500
1215.500 539.000 1277.000 600.500
1215.500 539.000 1277.000 600.500
1215.500 539.000 1277.000 600.500
1215.500 539.000 1277.000 600.500
1215.500 539.000 1277.000 600.500
1215.500 539.000 1277.000 600.500
1215.500 539.000 1277.000 600.500
1215.500 539.000 1277.000 600.500
1215.500 539.000 1277.000 600.500
1215.500 539.000 1277.000 600.500
1215.500 539.000 1277.000 600.500
1215.500 539.000 1277.000 600.500
1215.500 539.000 1277.000 600.500
1215.500 539.000 1277.000 600.500
1215.500 539.000 1277.000 600.500
1215.500 539.000 1277.000 600.500
1215.500 539.000 1277.000 600.500
1215.500 539.000 1277.000 600.500
1215.500 539.000 1277.000 600.500
1215.500 539.000 1277.000 600.500
1215.500 539.000 1277.000 600.500
1215.500 539.000 1277.000 600.500
1215.500 539.000 1277.000 600.500
1215.500 539.000 1277.000 600.500
1215.500 539.000 1277.000 600.500
1215.500 539.000 1276.999 600.499
1215.500 539.000 1276.999 600.499
1215.500 539.000 1276.999 600.498
1215.500 539.000 1276.998 600.498
1215.500 539.000 1276.997 600.497
1215.501 539.000 1276.996 600.496
1215.501 539.001 1276.996 600.496
1215.501 539.001 1276.995 600.495
1215.501 539.001 1276.995 600.495
1215.501 539.001 1276.995 600.494
1215.501 539.001 1276.993 600.493
1215.502 539.001 1276.990 600.489
1215.503 539.002 1276.983 600.483
1215.506 539.005 1276.974 600.473
1215.511 539.008 1276.961 600.459
1215.517 539.014 1276.947 600.443
1215.525 539.019 1276.934 600.428
1215.531 539.024 1276.923 600.417
1215.533 539.026 1276.917 600.410
1215.530 539.023 1276.911 600.405
1215.526 539.020 1276.898 600.393
1215.534 539.027 1276.865 600.358
1215.578 539.061 1276.796 600.280
1215.683 539.144 1276.674 600.136
1215.872 539.293 1276.488 599.909
1216.150 539.511 1276.232 599.593
1216.508 539.791 1275.913 599.196
1216.923 540.115 1275.544 598.736
1217.367 540.463 1275.147 598.243
1217.812 540.813 1274.751 597.752
1218.228 541.144 1274.381 597.297
1218.588 541.435 1274.063 596.910
1218.867 541.664 1273.818 596.615
1219.049 541.808 1273.656 596.416
1219.125 541.844 1273.583 596.301
1219.103 541.755 1273.593 596.245
1218.996 541.536 1273.677 596.217
1218.826 541.199 1273.820 596.193
1218.610 540.766 1274.006 596.162
1218.364 540.265 1274.218 596.119
1218.105 539.731 1274.442 596.068
1217.847 539.198 1274.663 596.014
1217.605 538.701 1274.869 595.964
1217.395 538.273 1275.049 595.927
1217.229 537.941 1275.197 595.909
1217.113 537.717 1275.308 595.912
1217.045 537.593 1275.386 595.934
1217.014 537.545 1275.435 595.966
1217.004 537.539 1275.462 595.997
1217.003 537.547 1275.477 596.021
1217.002 537.554 1275.484 596.037
1216.998 537.556 1275.490 596.048
1216.992 537.552 1275.496 596.055
1216.987 537.545 1275.502 596.059
1216.985 537.536 1275.508 596.060
1216.986 537.527 1275.518 596.059
1216.987 537.520 1275.533 596.066
1216.978 537.518 1275.561 596.101
1216.940 537.531 1275.604 596.195
1216.854 537.569 1275.668 596.383
1216.704 537.638 1275.754 596.689
1216.486 537.743 1275.865 597.121
1216.210 537.877 1275.998 597.664
1215.893 538.033 1276.149 598.289
1215.553 538.201 1276.309 598.956
1215.210 538.371 1276.463 599.625
1214.883 538.536 1276.599 600.253
1214.590 538.686 1276.705 600.800
1214.358 538.806 1276.781 601.229
1214.216 538.878 1276.841 601.502
1214.203 538.875 1276.917 601.589
1214.351 538.772 1277.050 601.471
1214.681 538.554 1277.272 601.145
1215.184 538.221 1277.597 600.633
1215.834 537.790 1278.014 599.970
1216.587 537.290 1278.496 599.199
1217.392 536.753 1279.009 598.370
1218.195 536.216 1279.511 597.532
1218.943 535.715 1279.962 596.734
1219.586 535.283 1280.323 596.021
1220.082 534.948 1280.563 595.428
1220.411 534.720 1280.664 594.973
1220.579 534.594 1280.633 594.647
1220.620 534.542 1280.496 594.418
1220.579 534.533 1280.290 594.243
1220.494 534.538 1280.046 594.090
1220.389 534.542 1279.785 593.938
1220.273 534.539 1279.516 593.783
1220.147 534.532 1279.244 593.630
1220.012 534.524 1278.974 593.486
1219.870 534.516 1278.711 593.358
1219.721 534.510 1278.462 593.252
1219.563 534.507 1278.230 593.174
1219.386 534.505 1278.009 593.127
1219.170 534.504 1277.783 593.116
1218.889 534.505 1277.529 593.144
1218.525 534.509 1277.228 593.212
1218.073 534.517 1276.873 593.316
1217.547 534.531 1276.470 593.454
1216.971 534.549 1276.037 593.616
1216.377 534.570 1275.597 593.791
1215.797 534.588 1275.174 593.964
1215.266 534.594 1274.792 594.120
1214.815 534.586 1274.474 594.244
1214.469 534.575 1274.232 594.338
1214.244 534.598 1274.069 594.423
1214.139 534.719 1273.969 594.549
1214.135 535.013 1273.902 594.780
1214.206 535.542 1273.835 595.171
1214.325 536.323 1273.743 595.742
1214.472 537.328 1273.619 596.476
1214.634 538.497 1273.466 597.329
1214.802 539.750 1273.296 598.244
1214.967 541.003 1273.123 599.159
1215.121 542.172 1272.962 600.012
1215.255 543.177 1272.823 600.745
1215.359 543.958 1272.713 601.312
1215.430 544.487 1272.634 601.690
1215.470 544.781 1272.584 601.895
1215.487 544.901 1272.556 601.971
1215.490 544.925 1272.543 601.978
1215.488 544.914 1272.539 601.965
1215.487 544.906 1272.537 601.957
1215.487 544.912 1272.535 601.960
1215.489 544.929 1272.531 601.971
1215.492 544.950 1272.526 601.984
1215.494 544.969 1272.520 601.995
1215.496 544.982 1272.515 602.001
1215.497 544.990 1272.511 602.004
1215.498 544.994 1272.508 602.005
1215.498 544.996 1272.508 602.005
1215.498 544.995 1272.509 602.007
1215.496 544.992 1272.513 602.010
1215.492 544.987 1272.519 602.015
1215.485 544.980 1272.527 602.021
1215.476 544.969 1272.534 602.028
1215.465 544.958 1272.541 602.033
1215.456 544.948 1272.546 602.037
1215.453 544.945 1272.550 602.041
1215.457 544.950 1272.556 602.049
1215.463 544.956 1272.569 602.063
1215.451 544.943 1272.590 602.083
1215.391 544.875 1272.620 602.104
1215.243 544.707 1272.654 602.118
1214.979 544.405 1272.691 602.117
1214.588 543.959 1272.730 602.100
1214.086 543.385 1272.773 602.072
1213.502 542.717 1272.822 602.037
1212.875 542.001 1272.874 602.000
1212.249 541.285 1272.927 601.963
1211.664 540.617 1272.976 601.928
1211.162 540.042 1273.019 601.900
1210.771 539.596 1273.059 601.883
1210.507 539.293 1273.096 601.882
1210.359 539.125 1273.130 601.896
1210.299 539.056 1273.160 601.917
1210.287 539.043 1273.182 601.937
1210.293 539.049 1273.195 601.951
1210.297 539.053 1273.201 601.958
1210.294 539.050 1273.206 601.962
1210.285 539.040 1273.211 601.966
1210.274 539.028 1273.217 601.971
1210.265 539.017 1273.225 601.977
1210.258 539.009 1273.232 601.983
1210.254 539.005 1273.238 601.989
1210.252 539.002 1273.242 601.993
1210.251 539.002 1273.245 601.995
1210.251 539.001 1273.246 601.996
1210.251 539.001 1273.247 601.997
1210.251 539.001 1273.247 601.997
1210.251 539.001 1273.247 601.997
1210.251 539.001 1273.247 601.998
1210.251 539.001 1273.248 601.998
1210.250 539.000 1273.248 601.998
1210.250 539.000 1273.249 601.999
1210.250 539.000 1273.249 601.999
1210.250 539.000 1273.250 602.000
1210.250 539.000 1273.250 602.000
1210.250 539.000 1273.250 602.000
1210.250 539.000 1273.250 602.000
1210.250 539.000 1273.250 602.000
1210.250 539.000 1273.250 602.000
1210.250 539.000 1273.250 602.000
1210.250 539.000 1273.250 602.000
1210.250 539.000 1273.250 602.000
1210.250 539.000 1273.250 602.000
1210.250 539.000 1273.250 602.000
1210.250 539.000 1273.250 602.000
1210.250 539.000 1273.250 602.000
1210.250 539.000 1273.250 602.000
1210.250 539.000 1273.250 602.000
1210.250 539.000 1273.250 602.000
1210.250 539.000 1273.250 602.000
1210.250 539.000 1273.250 602.000
1210.250 539.000 1273.250 602.000
1210.250 539.000 1273.250 602.000
1210.250 539.000 1273.250 602.000
1210.250 539.000 1273.250 602.000
1210.250 539.000 1273.250 602.000
1210.250 539.000 1273.250 602.000
1210.250 539.000 1273.250 602.000
1210.250 539.000 1273.250 602.000
1210.250 539.000 1273.250 602.000
1210.250 539.000 1273.250 602.000
1210.250 539.000 1273.250 601.999
1210.250 539.000 1273.249 601.999
1210.251 539.000 1273.249 601.999
1210.251 539.000 1273.249 601.998
1210.251 539.000 1273.249 601.997
1210.252 539.000 1273.248 601.997
1210.252 539.000 1273.248 601.996
1210.253 539.000 1273.248 601.996
1210.253 539.000 1273.248 601.995
1210.253 539.000 1273.248 601.995
1210.253 539.000 1273.247 601.994
1210.255 539.000 1273.245 601.990
1210.259 539.000 1273.243 601.984
1210.268 539.000 1273.242 601.974
1210.282 539.000 1273.242 601.960
1210.302 539.000 1273.245 601.943
1210.325 539.000 1273.251 601.926
1210.343 539.000 1273.255 601.912
1210.350 539.000 1273.254 601.905
1210.341 539.000 1273.243 601.902
1210.330 539.000 1273.225 601.894
1210.355 539.000 1273.216 601.861
1210.484 539.000 1273.255 601.771
1210.800 539.000 1273.389 601.589
1211.367 539.000 1273.654 601.287
1212.204 539.000 1274.061 600.858
1213.281 539.000 1274.592 600.312
1214.532 539.000 1275.211 599.679
1215.875 539.000 1275.875 599.000
1217.218 539.000 1276.539 598.321
1218.469 539.000 1277.158 597.688
1219.546 539.000 1277.688 597.142
1220.383 539.000 1278.096 596.713
1220.950 539.000 1278.361 596.411
1221.266 539.000 1278.495 596.229
1221.395 539.000 1278.534 596.139
1221.420 539.000 1278.525 596.106
1221.409 539.000 1278.507 596.098
1221.400 539.000 1278.495 596.095
1221.407 539.000 1278.494 596.087
1221.425 539.000 1278.499 596.074
1221.448 539.000 1278.504 596.056
1221.468 539.000 1278.507 596.039
1221.483 539.000 1278.508 596.025
1221.491 539.000 1278.507 596.015
1221.495 539.000 1278.505 596.009
1221.497 539.000 1278.504 596.007
1221.497 539.000 1278.503 596.006
1221.497 539.000 1278.503 596.006
1221.497 539.000 1278.503 596.006
1221.497 539.000 1278.503 596.006
1221.497 539.000 1278.503 596.006
1221.498 539.000 1278.503 596.006
1221.498 539.000 1278.503 596.006
1221.498 539.001 1278.503 596.005
1221.498 539.001 1278.503 596.005
1221.499 539.001 1278.502 596.004
1221.499 539.001 1278.502 596.004
1221.499 539.001 1278.502 596.004
1221.499 539.001 1278.503 596.006
1221.497 539.002 1278.505 596.009
1221.495 539.005 1278.507 596.017
1221.490 539.008 1278.509 596.027
1221.483 539.014 1278.510 596.041
1221.476 539.019 1278.511 596.055
1221.470 539.024 1278.512 596.066
1221.468 539.026 1278.514 596.071
1221.471 539.023 1278.518 596.070
1221.475 539.020 1278.525 596.071
1221.467 539.027 1278.533 596.094
1221.424 539.061 1278.535 596.172
1221.322 539.144 1278.522 596.345
1221.138 539.293 1278.486 596.641
1220.869 539.511 1278.427 597.069
1220.525 539.791 1278.349 597.615
1220.127 540.115 1278.259 598.247
1219.700 540.463 1278.163 598.926
1219.269 540.813 1278.064 599.607
1218.858 541.144 1277.963 600.249
1218.492 541.435 1277.867 600.809
1218.202 541.664 1277.785 601.248
1218.023 541.808 1277.742 601.527
1217.999 541.844 1277.770 601.615
1218.167 541.754 1277.907 601.495
1218.546 541.535 1278.179 601.168
1219.131 541.197 1278.589 600.655
1219.887 540.761 1279.117 599.991
1220.768 540.259 1279.730 599.221
1221.718 539.724 1280.385 598.391
1222.678 539.189 1281.038 597.550
1223.588 538.692 1281.642 596.747
1224.393 538.265 1282.155 596.027
1225.048 537.935 1282.541 595.428
1225.530 537.714 1282.785 594.969
1225.844 537.594 1282.896 594.646
1226.028 537.550 1282.906 594.429
1226.130 537.548 1282.861 594.279
1226.194 537.560 1282.795 594.162
1226.247 537.572 1282.729 594.054
1226.300 537.577 1282.668 593.945
1226.355 537.576 1282.612 593.833
1226.411 537.571 1282.556 593.716
1226.468 537.564 1282.497 593.593
1226.527 537.554 1282.432 593.458
1226.594 537.544 1282.359 593.309
1226.674 537.542 1282.273 593.140
1226.777 537.562 1282.168 592.954
1226.907 537.624 1282.039 592.755
1227.069 537.741 1281.880 592.552
1227.258 537.920 1281.690 592.352
1227.469 538.157 1281.473 592.161
1227.691 538.440 1281.236 591.985
1227.916 538.755 1280.992 591.831
1228.134 539.085 1280.754 591.705
1228.339 539.414 1280.539 591.615
1228.521 539.728 1280.362 591.569
1228.667 540.013 1280.232 591.578
1228.755 540.261 1280.149 591.655
1228.754 540.468 1280.098 591.811
1228.629 540.639 1280.051 592.061
1228.351 540.780 1279.979 592.409
1227.906 540.903 1279.854 592.852
1227.296 541.015 1279.657 593.375
1226.539 541.121 1279.373 593.956
1225.655 541.227 1278.994 594.566
1224.672 541.334 1278.511 595.174
1223.615 541.445 1277.916 595.747
1222.506 541.563 1277.203 596.261
1221.356 541.698 1276.360 596.702
1220.154 541.867 1275.366 597.079
1218.861 542.094 1274.189 597.422
1217.420 542.405 1272.794 597.779
1215.775 542.817 1271.152 598.194
1213.896 543.331 1269.255 598.691
1211.778 543.928 1267.118 599.268
1209.442 544.580 1264.767 599.905
1206.919 545.252 1262.239 600.571
1204.248 545.908 1259.572 601.232
1201.464 546.513 1256.801 601.850
1198.599 547.032 1253.955 602.388
1195.675 547.432 1251.047 602.805
1192.695 547.688 1248.065 603.058
1189.644 547.783 1244.967 603.106
1186.484 547.716 1241.690 602.922
1183.178 547.500 1238.174 602.496
1179.701 547.162 1234.387 601.848
1176.048 546.729 1230.332 601.014
1172.228 546.235 1226.042 600.049
1168.261 545.710 1221.566 599.015
1164.170 545.187 1216.962 597.979
1159.980 544.698 1212.290 597.009
1155.709 544.276 1207.600 596.167
1151.367 543.945 1202.924 595.502
1146.950 543.719 1198.268 595.037
1142.435 543.592 1193.604 594.761
1137.790 543.539 1188.881 594.630
1132.982 543.528 1184.041 594.586
1128.003 543.533 1179.051 594.581
1122.860 543.538 1173.904 594.582
1117.581 543.537 1168.620 594.575
1112.202 543.532 1163.231 594.561
1106.761 543.524 1157.780 594.543
1101.299 543.518 1152.307 594.526
1095.850 543.513 1146.847 594.510
1090.439 543.508 1141.420 594.489
1085.077 543.496 1136.027 594.447
1079.750 543.471 1130.641 594.361
1074.432 543.421 1125.216 594.205
1069.091 543.340 1119.712 593.961
1063.713 543.228 1114.110 593.625
1058.302 543.087 1108.422 593.208
1052.878 542.928 1102.683 592.732
1047.471 542.758 1096.940 592.227
1042.113 542.589 1091.247 591.724
1036.835 542.428 1085.660 591.253
1031.667 542.285 1080.226 590.844
1026.635 542.172 1074.985 590.522
1021.753 542.102 1069.956 590.306
1017.022 542.093 1065.137 590.207
1012.431 542.157 1060.501 590.227
1007.958 542.301 1056.012 590.355
1003.584 542.521 1051.633 590.571
999.294 542.805 1047.341 590.853
995.079 543.133 1043.123 591.176
990.938 543.483 1038.975 591.520
986.869 543.835 1034.897 591.863
982.873 544.165 1030.893 592.185
978.947 544.454 1026.959 592.467
975.076 544.681 1023.084 592.688
971.236 544.825 1019.241 592.830
967.390 544.875 1015.394 592.879
963.498 544.825 1011.501 592.828
959.535 544.680 1007.538 592.683
955.510 544.453 1003.513 592.456
951.458 544.162 999.461 592.165
947.436 543.828 995.439 591.831
943.515 543.474 991.518 591.477
939.769 543.121 987.772 591.124
936.276 542.792 984.278 590.795
933.106 542.509 981.108 590.512
930.309 542.290 978.311 590.292
927.894 542.143 975.896 590.145
925.820 542.062 973.822 590.064
923.996 542.032 971.999 590.034
922.327 542.029 970.331 590.033
920.742 542.036 968.748 590.042
919.217 542.042 967.227 590.052
917.761 542.044 965.775 590.058
916.405 542.043 964.423 590.061
915.186 542.039 963.209 590.062
914.140 542.034 962.167 590.060
913.298 542.027 961.328 590.056
912.682 542.020 960.716 590.054
912.298 542.019 960.340 590.061
912.133 542.032 960.191 590.090
912.153 542.070 960.244 590.160
912.319 542.141 960.462 590.284
912.593 542.249 960.812 590.468
912.948 542.390 961.267 590.708
913.367 542.554 961.806 590.993
913.836 542.731 962.412 591.308
914.343 542.910 963.069 591.636
914.876 543.078 963.758 591.959
915.421 543.224 964.462 592.265
915.968 543.340 965.171 592.543
916.513 543.421 965.885 592.793
917.063 543.469 966.617 593.023
917.632 543.493 967.390 593.251
918.237 543.501 968.228 593.492
918.885 543.504 969.139 593.758
919.576 543.507 970.118 594.049
920.301 543.511 971.147 594.357
921.046 543.516 972.200 594.670
921.796 543.521 973.247 594.971
922.536 543.522 974.257 595.244
923.251 543.520 975.204 595.473
923.933 543.517 976.063 595.647
924.582 543.525 976.822 595.765
925.207 543.562 977.479 595.834
925.825 543.649 978.044 595.868
926.451 543.803 978.535 595.887
927.091 544.028 978.966 595.902
927.739 544.316 979.345 595.921
928.383 544.649 979.676 595.943
929.001 545.007 979.963 595.968
929.573 545.363 980.204 595.995
930.077 545.696 980.400 596.019
930.493 545.981 980.550 596.039
930.805 546.203 980.653 596.051
931.013 546.354 980.714 596.054
931.129 546.438 980.740 596.049
931.178 546.472 980.745 596.039
931.191 546.478 980.743 596.030
931.192 546.475 980.741 596.024
931.195 546.473 980.742 596.021
931.202 546.475 980.746 596.019
931.212 546.480 980.751 596.018
931.224 546.486 980.754 596.016
931.233 546.491 980.755 596.013
931.240 546.495 980.755 596.010
931.245 546.497 980.755 596.008
931.247 546.498 980.754 596.006
931.248 546.499 980.754 596.005
931.248 546.499 980.755 596.006
931.247 546.498 980.757 596.008
931.246 546.497 980.761 596.012
931.244 546.495 980.766 596.017
931.241 546.492 980.772 596.023
931.238 546.489 980.778 596.029
931.236 546.487 980.782 596.033
931.236 546.486 980.785 596.035
931.237 546.487 980.787 596.038
931.239 546.489 980.792 596.043
931.236 546.486 980.806 596.056
931.219 546.469 980.833 596.083
931.177 546.427 980.882 596.132
931.102 546.351 980.957 596.207
930.990 546.240 981.060 596.310
930.847 546.096 981.190 596.439
930.680 545.930 981.339 596.589
930.501 545.751 981.499 596.749
930.322 545.571 981.660 596.910
930.155 545.405 981.810 597.059
930.011 545.261 981.939 597.189
929.899 545.149 982.043 597.293
929.823 545.073 982.118 597.368
929.781 545.031 982.167 597.417
929.764 545.014 982.194 597.444
929.761 545.011 982.207 597.457
929.763 545.013 982.212 597.462
929.765 545.015 982.214 597.464
929.765 545.016 982.216 597.466
929.764 545.014 982.220 597.470
929.761 545.011 982.225 597.475
929.758 545.009 982.230 597.481
929.756 545.006 982.236 597.486
929.754 545.004 982.241 597.491
929.752 545.002 982.245 597.495
929.750 545.000 982.248 597.498
929.748 544.997 982.251 597.500
929.745 544.994 982.253 597.502
929.743 544.991 982.255 597.503
929.739 544.987 982.256 597.503
929.735 544.981 982.256 597.502
929.731 544.976 982.256 597.500
929.728 544.972 982.255 597.498
929.728 544.971 982.255 597.498
929.731 544.974 982.257 597.500
929.734 544.978 982.261 597.505
929.729 544.972 982.264 597.506
929.703 544.938 982.260 597.495
929.639 544.854 982.242 597.457
929.525 544.703 982.203 597.382
929.356 544.481 982.142 597.268
929.138 544.195 982.061 597.118
928.886 543.863 981.967 596.944
928.616 543.506 981.866 596.757
928.346 543.149 981.766 596.570
928.095 542.816 981.674 596.394
927.881 542.528 981.596 596.242
927.716 542.303 981.538 596.125
927.607 542.149 981.504 596.046
927.548 542.062 981.491 596.005
927.529 542.025 981.494 595.991
927.531 542.017 981.504 595.991
927.541 542.020 981.516 595.995
927.553 542.022 981.529 595.998
927.563 542.021 981.541 595.999
927.570 542.016 981.551 595.998
927.573 542.011 981.559 595.997
927.571 542.007 981.561 595.996
927.561 542.004 981.554 595.997
927.550 542.001 981.546 595.997
927.555 541.993 981.553 595.990
927.610 541.970 981.608 595.968
927.752 541.922 981.751 595.920
928.013 541.841 982.012 595.840
928.401 541.726 982.400 595.725
928.903 541.581 982.902 595.580
929.487 541.415 983.487 595.414
930.115 541.238 984.115 595.237
930.744 541.061 984.743 595.060
931.330 540.897 985.330 594.896
931.835 540.756 985.834 594.756
932.227 540.646 986.227 594.646
932.493 540.572 986.492 594.572
932.641 540.531 986.641 594.531
932.701 540.514 986.701 594.514
932.713 540.511 986.713 594.511
932.707 540.512 986.707 594.512
932.703 540.513 986.703 594.513
932.706 540.512 986.706 594.512
932.715 540.510 986.715 594.510
932.725 540.507 986.725 594.507
932.735 540.504 986.735 594.504
932.742 540.502 986.742 594.502
932.746 540.501 986.746 594.501
932.748 540.501 986.748 594.501
932.749 540.500 986.749 594.500
932.749 540.500 986.749 594.500
932.749 540.500 986.749 594.500
932.749 540.500 986.749 594.500
932.749 540.500 986.749 594.500
932.749 540.500 986.749 594.500
932.749 540.500 986.749 594.500
932.750 540.500 986.750 594.500
932.750 540.500 986.750 594.500
932.750 540.500 986.750 594.500
932.750 540.500 986.750 594.500
932.750 540.500 986.750 594.500
932.750 540.500 986.750 594.500
932.750 540.500 986.750 594.500
932.750 540.500 986.750 594.500
932.750 540.500 986.750 594.500
932.750 540.500 986.750 594.500
932.750 540.500 986.750 594.500
932.750 540.500 986.750 594.500
932.750 540.500 986.750 594.500
932.750 540.500 986.750 594.500
932.750 540.500 986.750 594.500
932.750 540.500 986.750 594.500
932.750 540.500 986.750 594.500
932.750 540.500 986.750 594.500
932.750 540.500 986.750 594.500
932.750 540.500 986.750 594.500
932.750 540.500 986.750 594.500
932.750 540.500 986.750 594.500
932.750 540.500 986.750 594.500
932.750 540.500 986.750 594.500
932.750 540.500 986.750 594.500
932.750 540.500 986.750 594.500
932.750 540.500 986.750 594.500
932.750 540.500 986.750 594.500
932.750 540.500 986.750 594.500
932.750 540.500 986.750 594.500
932.750 540.500 986.750 594.500
932.750 540.500 986.750 594.500
932.750 540.500 986.750 594.500
932.750 540.500 986.750 594.500
932.750 540.500 986.750 594.500
932.750 540.500 986.750 594.500
932.750 540.500 986.750 594.500
932.750 540.500 986.750 594.500
932.750 540.500 986.750 594.500
932.750 540.500 986.750 594.500
932.750 540.500 986.750 594.500
932.750 540.500 986.750 594.500
932.750 540.500 986.750 594.500
932.750 540.500 986.750 594.500
932.750 540.500 986.750 594.500
932.750 540.500 986.750 594.500
932.750 540.500 986.750 594.500
932.750 540.500 986.750 594.500
932.750 540.500 986.750 594.500
932.750 540.500 986.750 594.500
932.750 540.500 986.750 594.500
932.750 540.500 986.750 594.500
932.750 540.500 986.750 594.500
932.750 540.500 986.750 594.500
932.750 540.500 986.750 594.500
932.750 540.500 986.750 594.500
932.750 540.500 986.750 594.500
932.750 540.500 986.750 594.500
932.750 540.500 986.750 594.500
932.750 540.500 986.750 594.500
932.750 540.500 986.750 594.500
932.750 540.500 986.750 594.500
932.750 540.500 986.750 594.500
932.750 540.500 986.750 594.500
932.750 540.500 986.750 594.500
932.750 540.500 986.750 594.500
932.750 540.500 986.750 594.500
932.750 540.500 986.750 594.500
932.750 540.500 986.750 594.500
932.750 540.500 986.750 594.500
932.750 540.500 986.750 594.500
932.750 540.500 986.750 594.500
932.750 540.500 986.750 594.500
932.750 540.500 986.750 594.500
932.750 540.500 986.750 594.500
932.750 540.500 986.750 594.500
932.750 540.500 986.750 594.500
932.750 540.500 986.750 594.500
932.750 540.500 986.750 594.500
932.750 540.500 986.750 594.500
932.750 540.500 986.750 594.500
932.750 540.500 986.750 594.500
932.750 540.500 986.750 594.500
932.750 540.500 986.750 594.500
932.750 540.500 986.750 594.500
932.750 540.500 986.750 594.500
932.750 540.500 986.750 594.500
932.750 540.500 986.750 594.500
932.750 540.500 986.750 594.500
932.750 540.500 986.750 594.500
932.750 540.500 986.750 594.500
932.750 540.500 986.750 594.500
932.750 540.500 986.750 594.500
932.750 540.500 986.750 594.500
932.750 540.500 986.750 594.500
932.750 540.500 986.750 594.500
932.750 540.500 986.750 594.500
932.750 540.500 986.750 594.500
932.750 540.500 986.750 594.500
932.750 540.500 986.750 594.500
932.750 540.500 986.750 594.500
932.750 540.500 986.750 594.500
932.750 540.500 986.750 594.500
932.750 540.500 986.750 594.500
932.750 540.500 986.750 594.500
932.750 540.500 986.750 594.500
932.750 540.500 986.750 594.500
932.750 540.500 986.750 594.500
932.750 540.500 986.750 594.500
932.750 540.500 986.750 594.500
932.750 540.500 986.750 594.500
932.750 540.500 986.750 594.500
932.750 540.500 986.750 594.500
932.750 540.500 986.750 594.500
932.750 540.500 986.750 594.500
932.750 540.500 986.750 594.500
932.750 540.500 986.750 594.500
932.750 540.500 986.750 594.500
932.750 540.500 986.750 594.500
932.750 540.500 986.750 594.500
932.750 540.500 986.750 594.500
932.750 540.500 986.750 594.500
932.750 540.500 986.750 594.500
932.750 540.500 986.750 594.500
932.750 540.500 986.750 594.500
932.750 540.500 986.750 594.500
0.000 0.000 0.000 0.000
