1027.250 533.000 1081.250 587.000
1027.250 533.000 1081.250 587.000
1027.250 533.000 1081.250 587.000
1027.250 533.000 1081.250 587.000
1027.250 533.000 1081.250 587.000
1027.250 533.000 1081.250 587.000
1027.250 533.000 1081.250 587.000
1027.250 533.000 1081.250 587.000
1027.250 533.000 1081.250 587.000
1027.250 533.000 1081.250 587.000
1027.250 533.000 1081.250 587.000
1027.250 533.000 1081.250 587.000
1027.250 533.000 1081.250 587.000
1027.250 533.000 1081.250 587.000
1027.250 533.000 1081.250 587.000
1027.250 533.000 1081.250 587.000
1027.250 533.000 1081.250 587.000
1027.250 533.000 1081.250 587.000
1027.250 533.000 1081.250 587.000
1027.250 533.000 1081.250 587.000
1027.250 533.000 1081.250 587.000
1027.250 533.000 1081.250 587.000
1027.250 533.000 1081.250 587.000
1027.250 533.000 1081.250 587.000
1027.250 533.000 1081.250 587.000
1027.250 533.000 1081.250 587.000
1027.250 533.000 1081.250 587.000
1027.250 533.000 1081.250 587.000
1027.250 533.000 1081.250 587.000
1027.250 533.000 1081.250 587.000
1027.250 533.000 1081.250 587.000
1027.250 533.000 1081.250 587.000
1027.250 533.000 1081.250 587.000
1027.250 533.000 1081.250 587.000
1027.250 533.000 1081.250 587.000
1027.250 533.000 1081.250 587.000
1027.250 533.000 1081.250 587.000
1027.250 533.000 1081.250 587.000
1027.250 533.000 1081.250 587.000
1027.250 533.000 1081.250 587.000
1027.250 533.000 1081.250 587.000
1027.250 533.000 1081.250 587.000
1027.250 533.000 1081.250 587.000
1027.250 533.000 1081.250 587.000
1027.250 533.000 1081.250 587.000
1027.250 533.000 1081.250 587.000
1027.250 533.000 1081.250 587.000
1027.250 533.000 1081.250 587.000
1027.250 533.000 1081.250 587.000
1027.250 533.000 1081.250 587.000
1027.250 533.000 1081.250 587.000
1027.250 533.000 1081.250 587.000
1027.250 533.000 1081.250 587.000
1027.250 533.000 1081.250 587.000
1027.250 533.000 1081.250 587.000
1027.250 533.000 1081.250 587.000
1027.250 533.000 1081.250 587.000
1027.250 533.000 1081.250 587.000
1027.250 533.000 1081.250 587.000
1027.250 533.000 1081.250 587.000
1027.250 533.000 1081.250 587.000
1027.250 533.000 1081.250 587.000
1027.250 533.000 1081.250 587.000
1027.250 533.000 1081.250 587.000
1027.250 533.000 1081.250 587.000
1027.250 533.000 1081.250 587.000
1027.250 533.000 1081.250 587.000
1027.250 533.000 1081.250 587.000
1027.250 533.000 1081.250 587.000
1027.250 533.000 1081.250 587.000
1027.250 533.000 1081.250 587.000
1027.250 533.000 1081.250 587.000
1027.250 533.000 1081.250 587.000
1027.250 533.000 1081.250 587.000
1027.250 533.000 1081.250 587.000
1027.250 533.000 1081.250 587.000
1027.250 533.000 1081.250 587.000
1027.250 533.000 1081.251 587.000
1027.250 533.000 1081.251 587.001
1027.250 533.000 1081.251 587.001
1027.250 533.000 1081.251 587.001
1027.250 533.000 1081.251 587.001
1027.250 533.000 1081.252 587.001
1027.250 533.000 1081.252 587.001
1027.250 533.000 1081.252 587.002
1027.251 533.000 1081.253 587.002
1027.251 533.000 1081.255 587.004
1027.252 533.000 1081.259 587.007
1027.254 533.000 1081.264 587.010
1027.257 533.000 1081.271 587.014
1027.260 533.000 1081.279 587.019
1027.262 533.000 1081.284 587.022
1027.263 533.000 1081.287 587.024
1027.262 533.000 1081.287 587.025
1027.261 533.000 1081.287 587.026
1027.264 533.000 1081.299 587.035
1027.281 533.000 1081.338 587.057
1027.323 533.000 1081.426 587.103
1027.399 533.000 1081.577 587.178
1027.511 533.000 1081.796 587.286
1027.654 533.000 1082.076 587.422
1027.821 533.000 1082.401 587.580
1028.000 533.000 1082.750 587.750
1028.179 533.000 1083.099 587.920
1028.346 533.000 1083.424 588.078
1028.489 533.000 1083.704 588.214
1028.601 533.000 1083.923 588.322
1028.677 533.000 1084.074 588.397
1028.719 533.000 1084.162 588.443
1028.736 533.000 1084.201 588.465
1028.739 533.000 1084.213 588.474
1028.738 533.000 1084.213 588.475
1028.737 533.000 1084.213 588.476
1028.738 533.000 1084.216 588.478
1028.740 533.000 1084.221 588.481
1028.743 533.000 1084.229 588.486
1028.746 533.000 1084.236 588.490
1028.748 533.000 1084.241 588.493
1028.749 533.000 1084.245 588.496
1028.749 533.000 1084.247 588.498
1028.750 533.000 1084.248 588.498
1028.750 533.000 1084.248 588.499
1028.750 533.000 1084.248 588.499
1028.750 533.000 1084.249 588.499
1028.750 533.000 1084.249 588.499
1028.750 533.000 1084.249 588.499
1028.750 533.000 1084.249 588.499
1028.750 533.000 1084.249 588.500
1028.750 533.000 1084.250 588.500
1028.750 533.000 1084.250 588.500
1028.750 533.000 1084.250 588.500
1028.750 533.000 1084.250 588.500
1028.750 533.000 1084.250 588.500
1028.750 533.000 1084.250 588.500
1028.750 533.000 1084.250 588.500
1028.750 533.000 1084.250 588.500
1028.750 533.000 1084.250 588.500
1028.750 533.000 1084.250 588.500
1028.750 533.000 1084.250 588.500
1028.750 533.000 1084.250 588.500
1028.750 533.000 1084.250 588.500
1028.750 533.000 1084.250 588.500
1028.750 533.000 1084.250 588.500
1028.750 533.000 1084.250 588.500
1028.750 533.000 1084.250 588.500
1028.750 533.000 1084.250 588.500
1028.750 533.000 1084.250 588.500
1028.750 533.000 1084.250 588.500
1028.750 533.000 1084.250 588.500
1028.750 533.000 1084.250 588.500
1028.750 533.000 1084.250 588.500
1028.750 533.000 1084.250 588.500
1028.750 533.000 1084.250 588.500
1028.750 533.000 1084.250 588.500
1028.750 533.000 1084.250 588.500
1028.750 533.000 1084.250 588.500
1028.750 533.000 1084.250 588.500
1028.750 533.000 1084.250 588.500
1028.750 533.000 1084.250 588.500
1028.750 533.000 1084.250 588.500
1028.750 533.000 1084.250 588.500
1028.750 533.000 1084.250 588.500
1028.750 533.000 1084.250 588.500
1028.750 533.000 1084.250 588.500
1028.750 533.000 1084.250 588.500
1028.750 533.000 1084.250 588.500
1028.750 533.000 1084.250 588.500
1028.750 533.000 1084.250 588.500
1028.750 533.000 1084.250 588.500
1028.750 533.000 1084.250 588.500
1028.750 533.000 1084.250 588.500
1028.750 533.000 1084.250 588.500
1028.750 533.000 1084.250 588.500
1028.750 533.000 1084.250 588.500
1028.750 533.000 1084.250 588.500
1028.750 533.000 1084.250 588.500
1028.750 533.000 1084.250 588.500
1028.750 533.000 1084.250 588.500
1028.750 533.000 1084.250 588.500
1028.750 533.000 1084.250 588.500
1028.750 533.000 1084.250 588.500
1028.750 533.000 1084.250 588.500
1028.750 533.000 1084.250 588.500
1028.750 533.000 1084.250 588.500
1028.750 533.000 1084.250 588.500
1028.749 533.000 1084.249 588.500
1028.749 533.000 1084.249 588.500
1028.749 533.000 1084.249 588.500
1028.749 533.000 1084.249 588.500
1028.748 533.000 1084.248 588.500
1028.748 533.000 1084.248 588.500
1028.748 533.000 1084.248 588.500
1028.748 533.000 1084.248 588.500
1028.747 533.000 1084.247 588.500
1028.744 533.000 1084.244 588.500
1028.738 533.000 1084.238 588.500
1028.728 533.000 1084.228 588.500
1028.715 533.000 1084.215 588.500
1028.700 533.000 1084.200 588.500
1028.688 533.000 1084.188 588.500
1028.684 533.000 1084.183 588.500
1028.690 533.000 1084.189 588.500
1028.697 533.000 1084.197 588.500
1028.681 533.000 1084.180 588.500
1028.594 533.000 1084.094 588.500
1028.381 533.000 1083.881 588.500
1027.999 533.000 1083.499 588.500
1027.436 533.000 1082.936 588.500
1026.712 533.000 1082.212 588.500
1025.872 533.001 1081.371 588.500
1024.971 533.001 1080.471 588.500
1024.073 533.001 1079.572 588.501
1023.238 533.002 1078.737 588.501
1022.524 533.002 1078.023 588.501
1021.974 533.002 1077.473 588.501
1021.609 533.002 1077.108 588.501
1021.416 533.003 1076.914 588.501
1021.352 533.004 1076.850 588.502
1021.363 533.007 1076.859 588.504
1021.404 533.014 1076.898 588.508
1021.451 533.026 1076.942 588.516
1021.496 533.041 1076.983 588.528
1021.537 533.058 1077.020 588.541
1021.570 533.073 1077.050 588.553
1021.591 533.081 1077.069 588.559
1021.593 533.078 1077.071 588.556
1021.592 533.074 1077.067 588.549
1021.633 533.094 1077.101 588.561
1021.808 533.184 1077.254 588.631
1022.235 533.403 1077.639 588.807
1023.028 533.797 1078.361 589.130
1024.253 534.381 1079.486 589.614
1025.922 535.141 1081.028 590.247
1028.005 536.037 1082.963 590.995
1030.442 537.017 1085.243 591.817
1033.161 538.025 1087.802 592.666
1036.086 539.008 1090.575 593.497
1039.160 539.914 1093.516 594.270
1042.375 540.702 1096.626 594.954
1045.809 541.354 1099.997 595.541
1049.644 541.873 1103.816 596.045
1054.124 542.292 1108.338 596.506
1059.468 542.650 1113.785 596.967
1065.780 542.980 1120.257 597.458
1073.029 543.296 1127.721 597.988
1081.090 543.602 1136.038 598.550
1089.782 543.891 1145.016 599.126
1098.906 544.155 1154.445 599.694
1108.268 544.388 1164.117 600.237
1117.690 544.582 1173.845 600.736
1127.041 544.728 1183.488 601.176
1136.256 544.814 1192.983 601.540
1145.369 544.817 1202.365 601.813
1154.492 544.716 1211.756 601.980
1163.759 544.496 1221.296 602.034
1173.257 544.154 1231.078 601.975
1183.001 543.703 1241.115 601.817
1192.943 543.162 1251.354 601.573
1202.997 542.559 1261.699 601.261
1213.058 541.921 1272.035 600.899
1223.019 541.275 1282.247 600.503
1232.795 540.646 1292.235 600.086
1242.342 540.056 1301.944 599.658
1251.686 539.518 1311.385 599.216
1260.932 539.033 1320.645 598.746
1270.231 538.590 1329.867 598.226
1279.710 538.173 1339.169 597.633
1289.394 537.770 1348.582 596.958
1299.204 537.372 1358.037 596.205
1308.975 536.978 1367.389 595.392
1318.493 536.590 1376.449 594.545
1327.526 536.211 1385.006 593.692
1335.834 535.846 1392.848 592.861
1343.198 535.497 1399.779 592.077
1349.464 535.163 1405.660 591.358
1354.592 534.842 1410.464 590.714
1358.698 534.529 1414.308 590.139
1362.041 534.217 1417.443 589.619
1364.915 533.900 1420.150 589.135
1367.545 533.578 1422.640 588.673
1370.038 533.255 1425.009 588.226
1372.405 532.937 1427.260 587.792
1374.601 532.634 1429.343 587.377
1376.561 532.355 1431.191 586.986
1378.226 532.110 1432.743 586.627
1379.551 531.907 1433.949 586.305
1380.510 531.753 1434.779 586.022
1381.103 531.657 1435.225 585.779
1381.360 531.622 1435.310 585.572
1381.333 531.648 1435.082 585.398
1381.086 531.734 1434.602 585.249
1380.671 531.875 1433.922 585.126
1380.118 532.065 1433.083 585.030
1379.449 532.298 1432.114 584.964
1378.674 532.568 1431.040 584.934
1377.810 532.864 1429.888 584.942
1376.875 533.178 1428.690 584.993
1375.885 533.503 1427.475 585.092
1374.837 533.840 1426.254 585.256
1373.694 534.204 1425.005 585.515
1372.376 534.625 1423.662 585.912
1370.772 535.144 1422.125 586.496
1368.785 535.789 1420.299 587.303
1366.364 536.566 1418.131 588.333
1363.514 537.456 1415.613 589.556
1360.283 538.422 1412.778 590.917
1356.743 539.415 1409.677 592.349
1352.976 540.384 1406.371 593.779
1349.062 541.276 1402.919 595.133
1345.069 542.042 1399.372 596.345
1341.043 542.644 1395.761 597.363
1336.982 543.066 1392.080 598.165
1332.835 543.321 1388.281 598.767
1328.512 543.447 1384.283 599.219
1323.928 543.499 1380.015 599.586
1319.047 543.520 1375.449 599.921
1313.891 543.538 1370.608 600.256
1308.526 543.564 1365.557 600.595
1303.046 543.595 1360.380 600.929
1297.556 543.622 1355.170 601.236
1292.159 543.635 1350.020 601.495
1286.951 543.630 1345.015 601.694
1281.996 543.626 1340.214 601.844
1277.315 543.675 1335.637 601.997
1272.870 543.866 1331.252 602.248
1268.574 544.306 1326.984 602.716
1264.339 545.082 1322.758 603.500
1260.115 546.223 1318.533 604.642
1255.908 547.702 1314.325 606.118
1251.769 549.444 1310.186 607.861
1247.774 551.357 1306.195 609.778
1244.013 553.340 1302.440 611.767
1240.576 555.292 1299.011 613.727
1237.542 557.120 1295.988 615.566
1234.966 558.750 1293.420 617.203
1232.857 560.136 1291.311 618.590
1231.162 561.278 1289.601 619.717
1229.774 562.219 1288.173 620.618
1228.575 563.023 1286.902 621.349
1227.477 563.747 1285.697 621.967
1226.436 564.427 1284.518 622.510
1225.449 565.079 1283.371 623.001
1224.536 565.706 1282.284 623.455
1223.721 566.306 1281.297 623.882
1223.030 566.880 1280.445 624.295
1222.481 567.430 1279.759 624.707
1222.084 567.957 1279.255 625.128
1221.840 568.461 1278.939 625.560
1221.734 568.940 1278.793 625.999
1221.742 569.386 1278.785 626.429
1221.833 569.797 1278.875 626.839
1221.980 570.173 1279.029 627.222
1222.165 570.522 1279.220 627.577
1222.373 570.854 1279.433 627.914
1222.596 571.179 1279.658 628.240
1222.824 571.506 1279.884 628.566
1223.048 571.843 1280.103 628.898
1223.256 572.203 1280.305 629.251
1223.441 572.605 1280.484 629.648
1223.596 573.084 1280.639 630.128
1223.722 573.690 1280.781 630.749
1223.826 574.474 1280.925 631.572
1223.917 575.467 1281.086 632.636
1224.001 576.666 1281.275 633.940
1224.083 578.034 1281.492 635.443
1224.163 579.510 1281.730 637.077
1224.238 581.018 1281.976 638.757
1224.306 582.480 1282.217 640.390
1224.366 583.813 1282.437 641.884
1224.413 584.943 1282.623 643.153
1224.449 585.812 1282.768 644.132
1224.472 586.398 1282.868 644.794
1224.485 586.723 1282.928 645.166
1224.490 586.859 1282.956 645.324
1224.492 586.889 1282.966 645.363
1224.492 586.882 1282.968 645.358
1224.493 586.879 1282.969 645.355
1224.494 586.890 1282.972 645.368
1224.495 586.913 1282.977 645.394
1224.497 586.939 1282.982 645.424
1224.498 586.962 1282.988 645.452
1224.499 586.978 1282.992 645.472
1224.499 586.989 1282.995 645.485
1224.500 586.994 1282.997 645.492
1224.500 586.996 1282.998 645.494
1224.500 586.997 1282.999 645.495
1224.500 586.997 1282.999 645.496
1224.500 586.997 1282.999 645.496
1224.500 586.997 1282.999 645.496
1224.500 586.998 1282.999 645.497
1224.500 586.999 1282.999 645.498
1224.500 586.999 1282.999 645.499
1224.500 586.999 1283.000 645.499
1224.500 587.000 1283.000 645.499
1224.500 587.000 1283.000 645.500
1224.500 587.000 1283.000 645.500
1224.500 587.000 1283.000 645.500
1224.500 587.000 1283.000 645.500
1224.500 587.000 1283.000 645.500
1224.500 587.000 1283.000 645.500
1224.500 587.000 1283.000 645.500
1224.500 587.000 1283.000 645.500
1224.500 587.000 1283.000 645.500
1224.500 587.000 1283.000 645.500
1224.500 587.000 1283.000 645.500
1224.500 587.000 1283.000 645.500
1224.500 587.000 1283.000 645.500
1224.500 587.000 1283.000 645.500
1224.500 587.000 1283.000 645.500
1224.500 587.000 1283.000 645.499
1224.500 586.999 1283.000 645.499
1224.500 586.999 1283.000 645.498
1224.500 586.998 1283.000 645.497
1224.501 586.997 1283.000 645.496
1224.501 586.995 1283.000 645.494
1224.501 586.993 1283.000 645.491
1224.501 586.991 1283.000 645.489
1224.502 586.989 1283.000 645.487
1224.502 586.989 1283.000 645.486
1224.502 586.989 1282.999 645.486
1224.502 586.987 1282.999 645.484
1224.504 586.980 1282.999 645.475
1224.506 586.962 1282.999 645.454
1224.512 586.926 1282.999 645.414
1224.521 586.867 1283.002 645.348
1224.533 586.786 1283.006 645.259
1224.548 586.695 1283.012 645.159
1224.561 586.618 1283.018 645.075
1224.568 586.585 1283.023 645.039
1224.569 586.608 1283.022 645.061
1224.568 586.641 1283.018 645.090
1224.585 586.537 1283.018 644.971
1224.652 586.041 1283.041 644.430
1224.811 584.835 1283.111 643.134
1225.098 582.670 1283.250 640.821
1225.528 579.463 1283.470 637.405
1226.092 575.315 1283.768 632.991
1226.768 570.456 1284.136 627.824
1227.522 565.187 1284.559 622.224
1228.320 559.832 1285.025 616.536
1229.128 554.714 1285.519 611.105
1229.912 550.131 1286.032 606.251
1230.651 546.318 1286.560 602.227
1231.334 543.393 1287.109 599.168
1231.969 541.312 1287.698 597.041
1232.577 539.879 1288.353 595.655
1233.183 538.832 1289.095 594.744
1233.802 537.959 1289.927 594.084
1234.435 537.139 1290.833 593.538
1235.068 536.338 1291.782 593.052
1235.683 535.573 1292.731 592.622
1236.257 534.880 1293.638 592.261
1236.767 534.291 1294.456 591.980
1237.194 533.825 1295.147 591.779
1237.522 533.489 1295.682 591.649
1237.747 533.274 1296.051 591.577
1237.881 533.157 1296.268 591.544
1237.947 533.107 1296.371 591.532
1237.973 533.091 1296.407 591.524
1237.985 533.084 1296.414 591.514
1237.995 533.076 1296.418 591.500
1238.009 533.064 1296.430 591.484
1238.026 533.049 1296.448 591.471
1238.040 533.034 1296.467 591.462
1238.045 533.022 1296.481 591.458
1238.041 533.013 1296.487 591.459
1238.038 533.007 1296.492 591.462
1238.064 533.004 1296.519 591.459
1238.170 533.003 1296.610 591.442
1238.415 533.002 1296.814 591.402
1238.842 533.002 1297.169 591.329
1239.465 533.002 1297.686 591.222
1240.261 533.002 1298.343 591.085
1241.181 533.002 1299.103 590.924
1242.164 533.001 1299.913 590.750
1243.145 533.001 1300.721 590.577
1244.058 533.001 1301.473 590.416
1244.841 533.001 1302.119 590.278
1245.447 533.001 1302.618 590.172
1245.854 533.001 1302.953 590.100
1246.077 533.000 1303.136 590.059
1246.164 533.001 1303.207 590.044
1246.174 533.001 1303.217 590.044
1246.159 533.002 1303.207 590.051
1246.145 533.004 1303.200 590.059
1246.142 533.007 1303.202 590.067
1246.149 533.010 1303.210 590.072
1246.161 533.012 1303.221 590.072
1246.176 533.013 1303.232 590.069
1246.193 533.012 1303.242 590.061
1246.208 533.011 1303.251 590.053
1246.211 533.014 1303.255 590.058
1246.185 533.031 1303.244 590.090
1246.108 533.073 1303.206 590.172
1245.961 533.149 1303.131 590.318
1245.741 533.261 1303.015 590.534
1245.456 533.404 1302.865 590.813
1245.122 533.571 1302.689 591.138
1244.762 533.750 1302.501 591.488
1244.402 533.929 1302.312 591.839
1244.065 534.096 1302.136 592.167
1243.776 534.239 1301.986 592.449
1243.550 534.351 1301.870 592.671
1243.398 534.427 1301.794 592.823
1243.313 534.469 1301.755 592.911
1243.278 534.486 1301.743 592.952
1243.271 534.489 1301.745 592.963
1243.274 534.488 1301.750 592.963
1243.276 534.487 1301.752 592.963
1243.275 534.488 1301.752 592.965
1243.270 534.490 1301.750 592.971
1243.264 534.493 1301.749 592.978
1243.258 534.496 1301.747 592.985
1243.254 534.498 1301.747 592.990
1243.252 534.499 1301.748 592.994
1243.251 534.499 1301.748 592.997
1243.251 534.500 1301.749 592.998
1243.251 534.500 1301.750 592.999
1243.251 534.499 1301.751 592.999
1243.251 534.499 1301.751 592.999
1243.251 534.499 1301.752 593.000
1243.251 534.499 1301.752 593.000
1243.251 534.499 1301.752 593.000
1243.251 534.499 1301.753 593.000
1243.251 534.499 1301.753 593.000
1243.251 534.499 1301.753 593.001
1243.251 534.499 1301.753 593.001
1243.251 534.499 1301.753 593.001
1243.251 534.499 1301.754 593.002
1243.251 534.498 1301.756 593.003
1243.252 534.497 1301.760 593.005
1243.254 534.493 1301.768 593.006
1243.258 534.487 1301.779 593.008
1243.264 534.479 1301.793 593.008
1243.270 534.470 1301.807 593.008
1243.275 534.463 1301.819 593.007
1243.276 534.460 1301.824 593.008
1243.274 534.464 1301.823 593.013
1243.271 534.468 1301.824 593.021
1243.278 534.458 1301.847 593.027
1243.312 534.406 1301.927 593.021
1243.397 534.280 1302.102 592.986
1243.548 534.053 1302.404 592.910
1243.771 533.718 1302.842 592.790
1244.058 533.288 1303.402 592.632
1244.392 532.787 1304.053 592.448
1244.750 532.250 1304.750 592.250
1245.108 531.713 1305.447 592.052
1245.442 531.212 1306.098 591.868
1245.729 530.782 1306.658 591.710
1245.952 530.447 1307.096 591.590
1246.103 530.220 1307.398 591.514
1246.188 530.094 1307.573 591.479
1246.222 530.042 1307.653 591.473
1246.229 530.032 1307.676 591.479
1246.225 530.036 1307.677 591.488
1246.223 530.040 1307.676 591.492
1246.225 530.037 1307.681 591.494
1246.230 530.030 1307.693 591.493
1246.235 530.021 1307.707 591.493
1246.241 530.013 1307.721 591.493
1246.245 530.007 1307.732 591.494
1246.247 530.003 1307.740 591.496
1246.249 530.002 1307.744 591.497
1246.249 530.001 1307.746 591.498
1246.250 530.001 1307.747 591.498
1246.250 530.001 1307.747 591.498
1246.250 530.001 1307.747 591.498
1246.250 530.001 1307.747 591.498
1246.250 530.001 1307.747 591.498
1246.251 530.001 1307.748 591.498
1246.251 530.001 1307.748 591.498
1246.251 530.001 1307.749 591.498
1246.251 530.001 1307.749 591.498
1246.251 530.001 1307.749 591.499
1246.251 530.000 1307.750 591.499
1246.252 530.000 1307.750 591.499
1246.253 530.001 1307.750 591.498
1246.255 530.001 1307.751 591.497
1246.260 530.002 1307.754 591.496
1246.268 530.004 1307.758 591.495
1246.278 530.007 1307.764 591.493
1246.290 530.010 1307.772 591.492
1246.300 530.012 1307.778 591.491
1246.303 530.013 1307.780 591.490
1246.299 530.012 1307.774 591.488
1246.293 530.011 1307.766 591.484
1246.306 530.014 1307.771 591.479
1246.375 530.031 1307.818 591.474
1246.543 530.073 1307.941 591.471
1246.846 530.149 1308.168 591.471
1247.292 530.261 1308.506 591.475
1247.866 530.404 1308.944 591.482
1248.534 530.571 1309.454 591.491
1249.250 530.750 1310.000 591.500
1249.966 530.929 1310.546 591.509
1250.634 531.096 1311.056 591.518
1251.208 531.239 1311.494 591.525
1251.654 531.351 1311.832 591.529
1251.957 531.427 1312.059 591.529
1252.125 531.469 1312.182 591.526
1252.194 531.486 1312.229 591.521
1252.207 531.489 1312.234 591.516
1252.201 531.488 1312.226 591.512
1252.197 531.487 1312.221 591.511
1252.200 531.488 1312.222 591.510
1252.210 531.490 1312.229 591.509
1252.222 531.493 1312.236 591.507
1252.233 531.496 1312.243 591.506
1252.241 531.498 1312.247 591.504
1252.245 531.499 1312.249 591.503
1252.248 531.499 1312.250 591.502
1252.248 531.500 1312.250 591.501
1252.249 531.500 1312.250 591.501
1252.249 531.500 1312.250 591.501
1252.249 531.500 1312.250 591.501
1252.249 531.500 1312.250 591.501
1252.249 531.500 1312.250 591.501
1252.249 531.500 1312.250 591.501
1252.250 531.500 1312.250 591.500
1252.250 531.500 1312.250 591.500
1252.250 531.500 1312.250 591.500
1252.250 531.500 1312.250 591.500
1252.250 531.500 1312.250 591.500
1252.250 531.500 1312.250 591.500
1252.250 531.500 1312.250 591.500
1252.250 531.500 1312.250 591.500
1252.250 531.500 1312.250 591.500
1252.250 531.500 1312.250 591.500
1252.250 531.500 1312.250 591.500
1252.250 531.500 1312.250 591.500
1252.250 531.500 1312.250 591.500
1252.250 531.500 1312.250 591.500
1252.250 531.500 1312.250 591.500
1252.250 531.500 1312.250 591.500
1252.250 531.500 1312.250 591.500
1252.250 531.500 1312.250 591.500
1252.250 531.500 1312.250 591.500
1252.250 531.500 1312.250 591.500
1252.250 531.500 1312.250 591.500
1252.250 531.500 1312.250 591.500
1252.250 531.500 1312.250 591.500
1252.250 531.500 1312.250 591.500
1252.250 531.500 1312.250 591.500
1252.250 531.500 1312.250 591.500
1252.250 531.500 1312.250 591.500
1252.250 531.500 1312.250 591.500
1252.250 531.500 1312.250 591.500
1252.250 531.500 1312.250 591.500
1252.250 531.500 1312.250 591.500
1252.250 531.500 1312.250 591.500
1252.250 531.500 1312.250 591.500
1252.250 531.500 1312.250 591.500
1252.250 531.500 1312.250 591.500
1252.250 531.500 1312.250 591.500
1252.250 531.500 1312.250 591.500
1252.250 531.500 1312.250 591.500
1252.250 531.500 1312.250 591.500
1252.250 531.500 1312.250 591.500
1252.250 531.500 1312.250 591.500
1252.250 531.500 1312.250 591.500
1252.250 531.500 1312.250 591.500
1252.250 531.500 1312.250 591.500
1252.250 531.500 1312.250 591.500
1252.249 531.500 1312.250 591.500
1252.249 531.500 1312.249 591.500
1252.249 531.500 1312.249 591.500
1252.248 531.500 1312.249 591.500
1252.248 531.500 1312.248 591.500
1252.248 531.500 1312.248 591.500
1252.248 531.500 1312.248 591.500
1252.247 531.500 1312.247 591.500
1252.247 531.500 1312.247 591.500
1252.245 531.500 1312.245 591.500
1252.241 531.500 1312.241 591.501
1252.233 531.500 1312.234 591.501
1252.222 531.501 1312.223 591.501
1252.207 531.501 1312.208 591.502
1252.188 531.502 1312.190 591.503
1252.170 531.502 1312.172 591.504
1252.156 531.503 1312.158 591.505
1252.148 531.503 1312.150 591.505
1252.142 531.503 1312.144 591.506
1252.121 531.504 1312.123 591.506
1252.051 531.505 1312.054 591.508
1251.890 531.507 1311.894 591.512
1251.596 531.513 1311.604 591.521
1251.147 531.523 1311.160 591.536
1250.536 531.539 1310.556 591.559
1249.777 531.560 1309.806 591.588
1248.894 531.586 1308.930 591.622
1247.916 531.611 1307.959 591.654
1246.877 531.631 1306.923 591.678
1245.798 531.642 1305.845 591.690
1244.672 531.651 1304.723 591.702
1243.448 531.681 1303.516 591.748
1242.023 531.776 1302.136 591.888
1240.266 531.997 1300.470 592.200
1238.075 532.399 1298.430 592.754
1235.427 533.018 1295.996 593.587
1232.377 533.862 1293.218 594.703
1229.043 534.914 1290.198 596.069
1225.572 536.139 1287.065 597.632
1222.124 537.492 1283.954 599.321
1218.860 538.923 1281.002 601.065
1215.927 540.402 1278.338 602.813
1213.449 541.948 1276.069 604.568
1211.494 543.666 1274.252 606.424
1210.052 545.750 1272.879 608.577
1209.036 548.439 1271.871 611.273
1208.318 551.913 1271.110 614.706
1207.773 556.205 1270.489 618.921
1207.316 561.193 1269.930 623.808
1206.894 566.644 1269.390 629.140
1206.485 572.262 1268.850 634.627
1206.080 577.731 1268.305 639.956
1205.671 582.728 1267.750 644.807
1205.232 586.956 1267.163 648.887
1204.705 590.182 1266.482 651.959
1203.978 592.295 1265.594 653.911
1202.890 593.359 1264.330 654.799
1201.266 593.605 1262.505 654.843
1198.988 593.335 1259.993 654.341
1196.048 592.813 1256.787 653.552
1192.548 592.202 1252.993 652.648
1188.667 591.582 1248.800 651.715
1184.627 590.977 1244.443 650.793
1180.664 590.397 1240.176 649.909
1177.017 589.859 1236.252 649.094
1173.906 589.389 1232.907 648.390
1171.503 589.015 1230.322 647.834
1169.880 588.756 1228.572 647.448
1168.977 588.609 1227.591 647.223
1168.604 588.547 1227.179 647.122
1168.525 588.534 1227.084 647.093
1168.549 588.539 1227.102 647.093
1168.565 588.544 1227.115 647.093
1168.539 588.542 1227.084 647.086
1168.481 588.534 1227.017 647.071
1168.412 588.524 1226.940 647.052
1168.350 588.515 1226.870 647.035
1168.306 588.508 1226.819 647.021
1168.279 588.504 1226.787 647.012
1168.265 588.502 1226.770 647.007
1168.260 588.501 1226.763 647.005
1168.259 588.501 1226.761 647.004
1168.259 588.501 1226.761 647.004
1168.258 588.501 1226.760 647.003
1168.257 588.501 1226.759 647.003
1168.255 588.501 1226.757 647.002
1168.254 588.501 1226.755 647.002
1168.253 588.500 1226.754 647.001
1168.252 588.500 1226.752 647.001
1168.251 588.500 1226.751 647.001
1168.251 588.500 1226.751 647.000
1168.250 588.500 1226.751 647.000
1168.250 588.500 1226.750 647.000
1168.250 588.500 1226.750 647.000
1168.250 588.500 1226.750 647.000
1168.250 588.500 1226.750 647.000
1168.250 588.500 1226.750 647.000
1168.250 588.500 1226.750 647.000
1168.250 588.500 1226.750 647.000
1168.250 588.500 1226.750 647.000
1168.250 588.500 1226.750 647.000
1168.250 588.500 1226.750 647.000
1168.250 588.500 1226.750 647.000
1168.250 588.500 1226.750 647.000
1168.250 588.500 1226.750 647.000
1168.250 588.500 1226.750 647.000
1168.250 588.500 1226.750 647.000
1168.250 588.500 1226.750 647.000
1168.250 588.500 1226.750 647.000
1168.250 588.500 1226.750 647.000
1168.250 588.500 1226.750 647.000
1168.250 588.500 1226.750 647.000
1168.250 588.500 1226.750 647.000
1168.250 588.500 1226.750 647.000
1168.250 588.500 1226.750 647.000
1168.250 588.500 1226.750 647.000
1168.250 588.500 1226.750 647.000
1168.250 588.500 1226.750 647.000
1168.250 588.500 1226.750 647.000
1168.250 588.500 1226.750 647.000
1168.250 588.500 1226.750 647.000
1168.250 588.500 1226.750 647.000
1168.250 588.500 1226.750 647.000
1168.250 588.500 1226.750 647.000
1168.250 588.500 1226.750 647.000
1168.250 588.500 1226.750 647.000
1168.250 588.500 1226.750 647.000
1168.250 588.500 1226.750 647.000
1168.250 588.500 1226.750 647.000
1168.250 588.500 1226.750 647.000
1168.250 588.500 1226.750 647.000
1168.250 588.500 1226.750 647.000
1168.250 588.500 1226.750 647.000
1168.250 588.500 1226.750 647.000
1168.250 588.500 1226.750 647.000
1168.250 588.500 1226.750 647.000
1168.250 588.500 1226.750 647.000
1168.250 588.500 1226.750 647.000
1168.250 588.500 1226.750 647.000
1168.250 588.500 1226.750 647.000
1168.250 588.500 1226.750 647.000
1168.250 588.500 1226.750 647.000
1168.250 588.500 1226.750 647.000
1168.250 588.500 1226.750 647.000
1168.250 588.500 1226.750 647.000
1168.250 588.500 1226.750 647.000
1168.250 588.500 1226.750 647.000
1168.250 588.500 1226.750 647.000
1168.250 588.500 1226.750 647.000
1168.250 588.500 1226.750 647.000
1168.250 588.500 1226.750 647.000
1168.250 588.500 1226.750 647.000
1168.250 588.500 1226.750 647.000
1168.250 588.500 1226.750 647.000
1168.250 588.500 1226.750 647.000
1168.250 588.500 1226.750 647.000
1168.250 588.500 1226.750 647.000
1168.250 588.500 1226.750 647.000
1168.250 588.500 1226.750 647.000
1168.250 588.500 1226.750 647.000
1168.250 588.500 1226.750 647.000
1168.250 588.500 1226.750 647.000
1168.250 588.500 1226.750 647.000
1168.250 588.500 1226.750 647.000
1168.250 588.500 1226.750 647.000
1168.250 588.500 1226.750 647.000
1168.250 588.500 1226.750 647.000
1168.250 588.500 1226.750 647.000
1168.250 588.500 1226.750 647.000
1168.250 588.500 1226.751 647.001
1168.250 588.500 1226.751 647.001
1168.250 588.500 1226.751 647.001
1168.251 588.500 1226.752 647.001
1168.251 588.500 1226.752 647.001
1168.251 588.500 1226.752 647.002
1168.251 588.500 1226.752 647.002
1168.251 588.500 1226.752 647.002
1168.251 588.501 1226.754 647.003
1168.252 588.501 1226.756 647.005
1168.255 588.502 1226.761 647.009
1168.259 588.504 1226.769 647.014
1168.264 588.507 1226.778 647.021
1168.270 588.510 1226.789 647.029
1168.275 588.512 1226.797 647.034
1168.277 588.513 1226.800 647.037
1168.274 588.512 1226.798 647.036
1168.271 588.511 1226.797 647.037
1168.278 588.514 1226.812 647.048
1168.313 588.531 1226.870 647.088
1168.397 588.574 1227.001 647.177
1168.550 588.650 1227.230 647.330
1168.775 588.763 1227.564 647.552
1169.064 588.908 1227.992 647.835
1169.400 589.076 1228.488 648.164
1169.760 589.256 1229.019 648.515
1170.119 589.436 1229.549 648.866
1170.453 589.603 1230.041 649.191
1170.740 589.746 1230.463 649.469
1170.960 589.856 1230.788 649.683
1171.108 589.929 1231.006 649.827
1171.187 589.967 1231.125 649.905
1171.216 589.981 1231.168 649.933
1171.216 589.979 1231.166 649.929
1171.207 589.971 1231.147 649.911
1171.199 589.962 1231.125 649.888
1171.195 589.954 1231.108 649.866
1171.195 589.947 1231.097 649.849
1171.198 589.943 1231.095 649.840
1171.204 589.944 1231.102 649.842
1171.212 589.951 1231.115 649.855
1171.221 589.960 1231.126 649.865
1171.222 589.954 1231.110 649.841
1171.202 589.906 1231.029 649.732
1171.144 589.783 1230.840 649.479
1171.035 589.559 1230.509 649.033
1170.870 589.225 1230.024 648.380
1170.656 588.795 1229.402 647.542
1170.405 588.295 1228.676 646.566
1170.135 587.757 1227.896 645.517
1169.865 587.218 1227.114 644.468
1169.612 586.716 1226.385 643.489
1169.395 586.284 1225.756 642.645
1169.226 585.948 1225.262 641.985
1169.111 585.720 1224.920 641.530
1169.047 585.594 1224.719 641.266
1169.021 585.542 1224.625 641.146
1169.017 585.533 1224.596 641.112
1169.020 585.538 1224.594 641.112
1169.023 585.543 1224.595 641.114
1169.024 585.541 1224.590 641.107
1169.021 585.535 1224.577 641.091
1169.018 585.526 1224.561 641.070
1169.014 585.518 1224.544 641.049
1169.010 585.512 1224.530 641.032
1169.006 585.507 1224.519 641.020
1169.003 585.504 1224.511 641.012
1168.999 585.501 1224.505 641.007
1168.994 585.498 1224.501 641.005
1168.989 585.496 1224.497 641.004
1168.982 585.493 1224.493 641.005
1168.972 585.491 1224.487 641.006
1168.960 585.488 1224.480 641.007
1168.948 585.486 1224.471 641.009
1168.938 585.484 1224.464 641.010
1168.936 585.484 1224.463 641.011
1168.943 585.487 1224.470 641.013
1168.951 585.489 1224.479 641.017
1168.936 585.486 1224.472 641.021
1168.859 585.469 1224.417 641.026
1168.670 585.427 1224.272 641.029
1168.330 585.351 1224.007 641.028
1167.827 585.239 1223.611 641.023
1167.181 585.095 1223.101 641.015
1166.430 584.928 1222.508 641.006
1165.624 584.749 1221.872 640.997
1164.818 584.570 1221.236 640.988
1164.067 584.403 1220.644 640.979
1163.421 584.260 1220.135 640.973
1162.920 584.148 1219.741 640.970
1162.580 584.073 1219.477 640.970
1162.391 584.031 1219.333 640.974
1162.314 584.014 1219.279 640.980
1162.299 584.011 1219.272 640.984
1162.306 584.013 1219.280 640.987
1162.312 584.015 1219.285 640.988
1162.308 584.014 1219.282 640.988
1162.297 584.012 1219.273 640.988
1162.284 584.009 1219.263 640.988
1162.272 584.007 1219.255 640.990
1162.263 584.005 1219.251 640.993
1162.258 584.004 1219.250 640.996
1162.255 584.003 1219.252 641.000
1162.254 584.002 1219.256 641.004
1162.256 584.003 1219.263 641.010
1162.259 584.006 1219.272 641.019
1162.267 584.012 1219.287 641.032
1162.279 584.021 1219.307 641.049
1162.297 584.035 1219.333 641.071
1162.316 584.050 1219.360 641.094
1162.332 584.062 1219.381 641.111
1162.337 584.067 1219.389 641.118
1162.330 584.061 1219.381 641.112
1162.320 584.054 1219.374 641.107
1162.342 584.070 1219.411 641.140
1162.453 584.156 1219.568 641.271
1162.727 584.367 1219.932 641.572
1163.218 584.745 1220.574 642.101
1163.943 585.302 1221.514 642.874
1164.876 586.020 1222.721 643.865
1165.961 586.855 1224.122 645.016
1167.124 587.750 1225.625 646.250
1168.288 588.645 1227.128 647.485
1169.373 589.479 1228.529 648.636
1170.306 590.197 1229.735 649.626
1171.032 590.755 1230.676 650.399
1171.523 591.133 1231.318 650.928
1171.797 591.344 1231.682 651.229
1171.909 591.430 1231.839 651.360
1171.931 591.447 1231.878 651.394
1171.921 591.439 1231.872 651.390
1171.914 591.434 1231.866 651.386
1171.919 591.438 1231.876 651.394
1171.935 591.450 1231.899 651.414
1171.955 591.465 1231.927 651.437
1171.972 591.479 1231.953 651.459
1171.985 591.489 1231.972 651.476
1171.993 591.494 1231.985 651.487
1171.996 591.497 1231.991 651.492
1171.997 591.498 1231.994 651.495
1171.997 591.498 1231.994 651.495
1171.997 591.498 1231.994 651.495
1171.997 591.498 1231.994 651.495
1171.997 591.498 1231.994 651.495
1171.997 591.498 1231.994 651.495
1171.998 591.498 1231.995 651.495
1171.998 591.498 1231.995 651.495
1171.998 591.498 1231.996 651.496
1171.998 591.498 1231.996 651.496
1171.998 591.498 1231.997 651.497
1171.999 591.499 1231.997 651.497
1171.999 591.499 1231.997 651.497
1171.998 591.498 1231.996 651.496
1171.996 591.497 1231.993 651.493
1171.993 591.493 1231.987 651.487
1171.988 591.488 1231.978 651.478
1171.980 591.480 1231.967 651.467
1171.972 591.471 1231.954 651.454
1171.964 591.464 1231.943 651.443
1171.959 591.460 1231.936 651.437
1171.958 591.461 1231.935 651.438
1171.958 591.463 1231.933 651.438
1171.948 591.453 1231.914 651.420
1171.909 591.408 1231.853 651.352
1171.817 591.299 1231.717 651.198
1171.652 591.103 1231.477 650.929
1171.403 590.812 1231.124 650.533
1171.076 590.434 1230.664 650.022
1170.681 589.988 1230.115 649.422
1170.238 589.499 1229.507 648.768
1169.766 588.996 1228.868 648.098
1169.283 588.504 1228.229 647.450
1168.808 588.051 1227.618 646.861
1168.352 587.655 1227.056 646.359
1167.918 587.326 1226.556 645.964
1167.500 587.062 1226.114 645.677
1167.082 586.849 1225.719 645.486
1166.648 586.665 1225.353 645.369
1166.192 586.495 1225.002 645.305
1165.717 586.331 1224.663 645.277
1165.234 586.172 1224.337 645.274
1164.762 586.021 1224.031 645.290
1164.319 585.885 1223.753 645.319
1163.924 585.767 1223.512 645.355
1163.597 585.672 1223.318 645.393
1163.348 585.602 1223.174 645.427
1163.183 585.556 1223.083 645.455
1163.091 585.530 1223.035 645.475
1163.052 585.520 1223.019 645.486
1163.042 585.517 1223.017 645.492
1163.042 585.517 1223.019 645.494
1163.041 585.517 1223.019 645.494
1163.036 585.515 1223.015 645.495
1163.028 585.513 1223.011 645.496
1163.020 585.511 1223.007 645.498
1163.013 585.509 1223.003 645.500
1163.007 585.507 1223.001 645.501
1163.004 585.505 1223.000 645.501
1163.002 585.502 1223.000 645.500
1163.001 585.500 1223.000 645.498
1163.001 585.497 1223.000 645.495
1163.001 585.494 1222.999 645.492
1163.001 585.491 1222.999 645.488
1163.001 585.486 1222.999 645.484
1163.001 585.482 1222.998 645.479
1163.001 585.476 1222.998 645.474
1163.001 585.472 1222.998 645.469
1163.000 585.470 1222.997 645.467
1163.000 585.472 1222.997 645.469
1163.000 585.473 1222.997 645.471
1163.000 585.467 1222.997 645.464
1163.000 585.439 1222.997 645.436
1163.000 585.370 1222.995 645.365
1162.999 585.246 1222.991 645.239
1162.998 585.062 1222.986 645.049
1162.997 584.821 1222.978 644.801
1162.996 584.535 1222.968 644.507
1162.995 584.220 1222.958 644.183
1162.994 583.892 1222.950 643.848
1162.993 583.566 1222.946 643.519
1162.994 583.259 1222.945 643.210
1162.995 582.981 1222.942 642.929
1162.993 582.739 1222.924 642.670
1162.984 582.531 1222.870 642.417
1162.963 582.348 1222.758 642.142
1162.926 582.178 1222.569 641.822
1162.870 582.014 1222.299 641.442
1162.798 581.851 1221.954 641.007
1162.715 581.692 1221.554 640.531
1162.625 581.540 1221.125 640.040
1162.535 581.400 1220.696 639.561
1162.452 581.279 1220.296 639.123
1162.380 581.180 1219.951 638.751
1162.324 581.106 1219.681 638.462
1162.287 581.057 1219.492 638.263
1162.266 581.030 1219.380 638.145
1162.257 581.019 1219.326 638.088
1162.255 581.015 1219.308 638.068
1162.256 581.015 1219.305 638.064
1162.257 581.014 1219.304 638.062
1162.256 581.012 1219.300 638.056
1162.255 581.009 1219.292 638.047
1162.253 581.007 1219.282 638.035
1162.252 581.004 1219.272 638.024
1162.251 581.002 1219.264 638.016
1162.251 581.001 1219.259 638.009
1162.250 581.001 1219.255 638.006
1162.250 581.000 1219.253 638.004
1162.250 581.000 1219.253 638.003
1162.250 581.000 1219.253 638.003
1162.250 581.000 1219.252 638.003
1162.250 581.000 1219.252 638.002
1162.250 581.000 1219.252 638.002
1162.250 581.000 1219.251 638.001
1162.250 581.000 1219.251 638.001
1162.250 581.000 1219.251 638.001
1162.250 581.000 1219.250 638.000
1162.250 581.000 1219.250 638.000
1162.250 581.000 1219.250 638.000
1162.250 581.000 1219.250 638.000
