626.750 515.000 688.250 576.500
626.750 515.000 688.250 576.500
626.750 515.000 688.250 576.500
626.750 515.000 688.250 576.500
626.750 515.000 688.250 576.500
626.750 515.000 688.250 576.500
626.750 515.000 688.250 576.500
626.750 515.000 688.250 576.500
626.749 515.000 688.249 576.500
626.749 515.000 688.249 576.500
626.749 515.000 688.249 576.500
626.749 515.000 688.249 576.500
626.749 515.000 688.249 576.500
626.748 514.999 688.249 576.499
626.747 514.999 688.247 576.499
626.745 514.998 688.245 576.498
626.741 514.996 688.242 576.496
626.737 514.993 688.238 576.494
626.731 514.991 688.232 576.492
626.726 514.988 688.227 576.490
626.722 514.986 688.224 576.488
626.720 514.986 688.222 576.488
626.718 514.986 688.221 576.488
626.712 514.983 688.214 576.485
626.689 514.970 688.192 576.473
626.636 514.939 688.142 576.444
626.542 514.883 688.050 576.391
626.399 514.799 687.912 576.312
626.207 514.689 687.726 576.209
625.970 514.557 687.498 576.085
625.696 514.408 687.233 575.945
625.394 514.250 686.938 575.794
625.069 514.089 686.619 575.639
624.731 513.931 686.284 575.484
624.384 513.780 685.943 575.339
624.032 513.638 685.606 575.213
623.673 513.501 685.288 575.116
623.304 513.366 684.995 575.058
622.914 513.227 684.733 575.046
622.494 513.082 684.495 575.083
622.035 512.932 684.271 575.168
621.533 512.782 684.045 575.294
620.987 512.635 683.803 575.451
620.401 512.496 683.533 575.629
619.781 512.368 683.226 575.814
619.126 512.257 682.866 575.996
618.414 512.169 682.420 576.174
617.588 512.118 681.826 576.356
616.553 512.122 680.993 576.561
615.198 512.201 679.814 576.817
613.440 512.371 678.217 577.148
611.262 512.633 676.192 577.564
608.714 512.980 673.794 578.059
605.896 513.394 671.121 578.619
602.933 513.855 668.297 579.219
599.959 514.339 665.455 579.835
597.111 514.826 662.726 580.441
594.512 515.293 660.229 581.010
592.261 515.726 658.054 581.520
590.403 516.117 656.238 581.951
588.916 516.469 654.742 582.295
587.711 516.796 653.467 582.552
586.678 517.113 652.292 582.728
585.727 517.432 651.130 582.834
584.816 517.753 649.945 582.882
583.940 518.072 648.752 582.883
583.118 518.379 647.588 582.849
582.375 518.662 646.505 582.793
581.736 518.912 645.551 582.727
581.220 519.118 644.766 582.663
580.843 519.271 644.180 582.608
580.611 519.368 643.806 582.564
580.525 519.409 643.641 582.525
580.576 519.399 643.661 582.484
580.750 519.347 643.833 582.431
581.029 519.263 644.124 582.358
581.394 519.154 644.503 582.262
581.831 519.025 644.949 582.143
582.321 518.883 645.442 582.005
582.847 518.732 645.965 581.851
583.391 518.578 646.501 581.687
583.938 518.425 647.034 581.521
584.475 518.277 647.560 581.362
585.003 518.136 648.089 581.222
585.534 517.999 648.652 581.117
586.092 517.861 649.290 581.059
586.698 517.718 650.037 581.057
587.357 517.567 650.905 581.115
588.061 517.408 651.880 581.227
588.788 517.247 652.924 581.384
589.509 517.089 653.988 581.568
590.192 516.941 655.015 581.763
590.805 516.809 655.949 581.953
591.317 516.699 656.739 582.120
591.707 516.616 657.347 582.256
591.968 516.561 657.761 582.354
592.113 516.530 657.998 582.416
592.174 516.518 658.104 582.448
592.189 516.515 658.135 582.462
592.188 516.516 658.137 582.465
592.188 516.516 658.138 582.466
592.195 516.515 658.148 582.468
592.206 516.513 658.165 582.472
592.219 516.511 658.186 582.478
592.230 516.509 658.206 582.485
592.238 516.507 658.221 582.490
592.243 516.506 658.231 582.494
592.245 516.505 658.237 582.496
592.246 516.504 658.238 582.496
592.246 516.505 658.236 582.496
592.243 516.510 658.230 582.497
592.240 516.520 658.219 582.500
592.233 516.538 658.203 582.507
592.225 516.562 658.183 582.520
592.216 516.589 658.161 582.535
592.206 516.611 658.143 582.548
592.200 516.619 658.132 582.551
592.198 516.608 658.128 582.539
592.197 516.595 658.122 582.520
592.185 516.625 658.086 582.526
592.144 516.780 657.980 582.617
592.047 517.162 657.753 582.867
591.872 517.846 657.362 583.337
591.606 518.856 656.791 584.041
591.251 520.154 656.050 584.953
590.819 521.660 655.170 586.011
590.325 523.274 654.192 587.142
589.790 524.885 653.167 588.263
589.231 526.384 652.143 589.296
588.665 527.668 651.168 590.171
588.099 528.659 650.282 590.842
587.526 529.315 649.516 591.304
586.924 529.652 648.878 591.607
586.260 529.737 648.365 591.842
585.508 529.657 647.957 592.106
584.664 529.486 647.640 592.462
583.744 529.265 647.399 592.920
582.782 529.014 647.223 593.454
581.819 528.737 647.099 594.017
580.896 528.445 647.013 594.562
580.057 528.152 646.953 595.048
579.344 527.864 646.908 595.428
578.797 527.550 646.879 595.632
578.453 527.119 646.882 595.548
578.339 526.410 646.943 595.013
578.465 525.227 647.094 593.856
578.821 523.422 647.361 591.962
579.375 520.960 647.747 589.332
580.084 517.927 648.238 586.081
580.900 514.492 648.803 582.395
581.770 510.862 649.404 578.497
582.640 507.257 649.995 574.611
583.457 503.890 650.528 570.961
584.167 500.972 650.959 567.763
584.729 498.702 651.248 565.221
585.120 497.253 651.375 563.508
585.350 496.743 651.345 562.738
585.456 497.205 651.188 562.937
585.490 498.580 650.949 564.039
585.496 500.731 650.669 565.903
585.501 503.476 650.375 568.350
585.513 506.617 650.083 571.188
585.531 509.951 649.803 574.222
585.551 513.273 649.539 577.262
585.564 516.379 649.297 580.112
585.569 519.065 649.086 582.582
585.576 521.152 648.929 584.505
585.608 522.519 648.862 585.773
585.711 523.136 648.939 586.364
585.936 523.073 649.219 586.356
586.329 522.468 649.747 585.886
586.908 521.471 650.535 585.098
587.666 520.214 651.560 584.108
588.574 518.795 652.776 582.998
589.594 517.297 654.126 581.829
590.685 515.795 655.546 580.657
591.807 514.370 656.975 579.537
592.923 513.100 658.355 578.532
594.003 512.056 659.640 577.693
595.031 511.273 660.803 577.045
596.010 510.742 661.843 576.575
596.955 510.404 662.783 576.231
597.893 510.181 663.659 575.946
598.840 510.007 664.502 575.669
599.805 509.845 665.334 575.374
600.783 509.684 666.162 575.063
601.765 509.527 666.987 574.749
602.739 509.384 667.805 574.449
603.691 509.262 668.612 574.182
604.613 509.166 669.407 573.960
605.500 509.098 670.195 573.793
606.356 509.055 670.988 573.688
607.194 509.032 671.806 573.644
608.036 509.023 672.671 573.657
608.896 509.019 673.598 573.721
609.778 509.018 674.585 573.825
610.672 509.016 675.615 573.959
611.557 509.013 676.658 574.113
612.408 509.010 677.675 574.277
613.195 509.007 678.628 574.440
613.887 509.004 679.475 574.592
614.458 509.003 680.179 574.724
614.888 509.001 680.714 574.827
615.174 509.001 681.074 574.901
615.333 509.001 681.277 574.945
615.401 509.001 681.367 574.966
615.419 509.001 681.393 574.974
615.421 509.001 681.396 574.976
615.424 509.001 681.399 574.976
615.434 509.001 681.411 574.977
615.449 509.001 681.428 574.980
615.464 509.001 681.447 574.984
615.477 509.001 681.465 574.988
615.487 509.001 681.478 574.992
615.493 509.001 681.486 574.994
615.496 509.001 681.491 574.996
615.497 509.001 681.492 574.996
615.497 509.001 681.491 574.996
615.497 509.002 681.488 574.994
615.496 509.005 681.482 574.991
615.495 509.008 681.475 574.988
615.494 509.013 681.466 574.985
615.493 509.019 681.456 574.983
615.492 509.024 681.449 574.981
615.491 509.027 681.444 574.981
615.490 509.027 681.443 574.979
615.490 509.026 681.439 574.975
615.489 509.032 681.422 574.965
615.484 509.061 681.373 574.950
615.473 509.130 681.272 574.929
615.451 509.254 681.103 574.905
615.418 509.438 680.860 574.880
615.372 509.679 680.548 574.855
615.314 509.964 680.182 574.832
615.246 510.280 679.782 574.816
615.169 510.608 679.372 574.812
615.086 510.934 678.977 574.824
614.999 511.241 678.618 574.860
614.907 511.519 678.314 574.926
614.803 511.761 678.076 575.034
614.675 511.969 677.902 575.196
614.508 512.152 677.782 575.426
614.289 512.322 677.697 575.730
614.012 512.486 677.631 576.105
613.679 512.649 677.568 576.538
613.298 512.808 677.498 577.009
612.880 512.960 677.411 577.491
612.440 513.100 677.300 577.959
611.991 513.221 677.157 578.387
611.542 513.320 676.972 578.750
611.102 513.394 676.737 579.029
610.669 513.443 676.439 579.213
610.233 513.470 676.065 579.301
609.779 513.481 675.604 579.306
609.292 513.485 675.054 579.246
608.769 513.485 674.424 579.140
608.217 513.486 673.736 579.005
607.652 513.488 673.016 578.852
607.096 513.491 672.298 578.693
606.571 513.493 671.614 578.537
606.103 513.496 670.998 578.391
605.712 513.498 670.480 578.266
605.415 513.499 670.083 578.167
605.217 513.499 669.814 578.096
605.106 513.500 669.660 578.054
605.060 513.500 669.592 578.032
605.048 513.500 669.573 578.024
605.048 513.500 669.572 578.023
605.048 513.500 669.570 578.022
605.042 513.500 669.564 578.021
605.033 513.500 669.552 578.018
605.023 513.500 669.538 578.015
605.015 513.500 669.526 578.011
605.008 513.500 669.516 578.007
605.004 513.500 669.509 578.005
605.002 513.500 669.505 578.003
605.002 513.500 669.503 578.001
605.001 513.500 669.502 578.000
605.001 513.500 669.501 578.000
605.001 513.500 669.500 577.999
605.001 513.501 669.499 577.999
605.001 513.501 669.499 577.998
605.001 513.501 669.498 577.998
605.001 513.502 669.497 577.998
605.001 513.502 669.497 577.998
605.001 513.502 669.496 577.998
605.001 513.503 669.496 577.998
605.000 513.503 669.496 577.998
605.000 513.503 669.494 577.997
605.001 513.504 669.491 577.995
605.001 513.508 669.485 577.992
605.002 513.517 669.476 577.990
605.004 513.530 669.463 577.990
605.007 513.549 669.449 577.992
605.009 513.570 669.435 577.996
605.012 513.587 669.424 578.000
605.012 513.593 669.418 577.999
605.011 513.585 669.415 577.988
605.010 513.574 669.406 577.970
605.013 513.597 669.376 577.960
605.030 513.719 669.302 577.991
605.070 514.016 669.159 578.104
605.143 514.550 668.926 578.333
605.248 515.337 668.598 578.686
605.383 516.349 668.182 579.148
605.538 517.524 667.701 579.686
605.706 518.782 667.186 580.263
605.875 520.039 666.676 580.839
606.040 521.208 666.208 581.376
606.188 522.210 665.815 581.837
606.308 522.982 665.516 582.191
606.378 523.492 665.307 582.421
606.372 523.751 665.158 582.537
606.265 523.811 665.023 582.569
606.041 523.745 664.856 582.559
605.705 523.616 664.629 582.540
605.275 523.466 664.337 582.528
604.781 523.314 663.993 582.525
604.252 523.165 663.614 582.528
603.710 523.022 663.217 582.529
603.175 522.885 662.815 582.525
602.673 522.760 662.428 582.515
602.255 522.659 662.101 582.505
602.014 522.597 661.924 582.507
602.087 522.590 662.036 582.539
602.635 522.654 662.605 582.624
603.788 522.798 663.766 582.775
605.600 523.018 665.579 582.997
608.041 523.302 668.021 583.282
611.026 523.630 671.007 583.612
614.436 523.982 674.421 583.966
618.143 524.333 678.131 584.322
622.018 524.663 682.010 584.655
625.949 524.950 685.943 584.945
629.859 525.173 689.856 585.170
633.737 525.318 693.735 585.316
637.648 525.377 697.646 585.376
641.714 525.350 701.713 585.349
646.058 525.246 706.056 585.244
650.733 525.077 710.731 585.075
655.716 524.855 715.714 584.853
660.917 524.593 720.915 584.590
666.211 524.301 726.208 584.298
671.457 523.991 731.454 583.988
676.517 523.675 736.514 583.672
681.262 523.362 741.259 583.359
685.594 523.062 745.592 583.059
689.465 522.776 749.462 582.773
692.894 522.500 752.891 582.496
695.968 522.223 755.964 582.218
698.797 521.935 758.789 581.928
701.469 521.632 761.457 581.620
704.031 521.317 764.012 581.297
706.491 520.996 766.463 580.968
708.833 520.682 768.796 580.645
711.034 520.387 770.990 580.344
713.069 520.124 773.021 580.076
714.921 519.904 774.872 579.855
716.587 519.738 776.534 579.685
718.077 519.633 778.008 579.564
719.421 519.592 779.307 579.477
720.663 519.611 780.457 579.406
721.841 519.683 781.484 579.327
722.980 519.796 782.408 579.225
724.082 519.940 783.238 579.096
725.134 520.103 783.974 578.943
726.115 520.276 784.615 578.776
726.999 520.448 785.160 578.609
727.760 520.609 785.604 578.453
728.376 520.747 785.947 578.318
728.833 520.855 786.190 578.211
729.134 520.929 786.340 578.134
729.301 520.970 786.415 578.084
729.373 520.987 786.443 578.056
729.395 520.990 786.448 578.043
729.401 520.988 786.450 578.037
729.407 520.987 786.455 578.035
729.421 520.988 786.465 578.032
729.439 520.990 786.476 578.028
729.457 520.993 786.485 578.022
729.472 520.996 786.492 578.016
729.484 520.998 786.497 578.011
729.491 520.999 786.499 578.007
729.495 520.999 786.500 578.004
729.497 521.000 786.500 578.003
729.497 521.000 786.500 578.002
729.498 521.000 786.500 578.002
729.498 521.000 786.500 578.002
729.498 521.000 786.500 578.002
729.498 521.000 786.500 578.002
729.499 521.000 786.500 578.001
729.499 521.000 786.500 578.001
729.499 521.000 786.500 578.001
729.499 521.000 786.500 578.001
729.500 521.000 786.500 578.000
729.500 521.000 786.500 578.000
729.500 521.000 786.500 578.000
729.500 521.000 786.500 578.000
729.500 521.000 786.500 578.000
729.500 521.000 786.500 578.000
729.500 521.000 786.500 578.000
729.500 521.000 786.500 578.000
729.501 521.000 786.500 578.000
729.501 521.001 786.500 578.000
729.501 521.001 786.500 578.000
729.501 521.001 786.500 578.000
729.501 521.001 786.500 578.000
729.501 521.001 786.500 577.999
729.501 521.001 786.499 577.999
729.502 521.001 786.499 577.999
729.503 521.002 786.499 577.998
729.506 521.005 786.499 577.998
729.511 521.009 786.501 577.999
729.518 521.014 786.503 578.000
729.525 521.020 786.506 578.001
729.531 521.025 786.509 578.003
729.533 521.027 786.510 578.003
729.530 521.024 786.506 578.000
729.527 521.021 786.501 577.995
729.535 521.028 786.501 577.994
729.578 521.063 786.521 578.005
729.684 521.148 786.580 578.044
729.874 521.301 786.694 578.120
730.154 521.526 786.865 578.237
730.514 521.816 787.086 578.388
730.933 522.153 787.345 578.565
731.382 522.513 787.622 578.754
731.830 522.873 787.900 578.943
732.247 523.207 788.159 579.119
732.606 523.493 788.383 579.270
732.883 523.713 788.555 579.385
733.069 523.859 788.671 579.461
733.171 523.937 788.734 579.499
733.211 523.963 788.759 579.511
733.215 523.962 788.765 579.512
733.207 523.951 788.768 579.512
733.201 523.941 788.775 579.515
733.199 523.935 788.786 579.522
733.202 523.933 788.799 579.531
733.207 523.935 788.810 579.538
733.214 523.941 788.816 579.543
733.222 523.951 788.819 579.548
733.229 523.962 788.825 579.557
733.231 523.963 788.844 579.576
733.218 523.937 788.891 579.610
733.179 523.859 788.983 579.663
733.106 523.713 789.132 579.739
732.996 523.493 789.341 579.838
732.853 523.207 789.606 579.961
732.686 522.873 789.914 580.101
732.506 522.513 790.245 580.252
732.326 522.153 790.576 580.403
732.158 521.816 790.885 580.543
732.013 521.526 791.152 580.665
731.900 521.301 791.363 580.764
731.824 521.148 791.515 580.838
731.781 521.063 791.610 580.891
731.764 521.028 791.660 580.924
731.761 521.021 791.682 580.942
731.762 521.024 791.689 580.951
731.763 521.027 791.692 580.955
731.762 521.025 791.696 580.959
731.760 521.020 791.704 580.964
731.757 521.014 791.714 580.971
731.754 521.009 791.724 580.978
731.752 521.005 791.733 580.985
731.751 521.002 791.739 580.990
731.751 521.001 791.743 580.994
731.750 521.001 791.746 580.996
731.750 521.001 791.747 580.997
731.750 521.001 791.747 580.997
731.750 521.001 791.747 580.997
731.750 521.001 791.747 580.998
731.750 521.000 791.748 580.998
731.750 521.000 791.748 580.998
731.750 521.000 791.749 580.999
731.750 521.000 791.749 580.999
731.750 521.000 791.749 580.999
731.750 521.000 791.750 581.000
731.750 521.000 791.750 581.000
731.750 521.000 791.750 581.000
731.750 521.000 791.750 581.000
731.750 521.000 791.750 581.000
731.750 521.000 791.750 581.000
731.750 521.000 791.750 581.000
731.750 521.000 791.750 581.000
731.750 521.000 791.750 581.000
731.750 521.000 791.750 581.000
731.750 521.000 791.750 581.000
731.750 521.000 791.750 581.000
731.750 521.000 791.750 581.000
731.750 521.000 791.750 581.000
731.750 521.000 791.750 581.000
731.750 521.000 791.750 581.000
731.750 521.000 791.750 581.000
731.750 521.000 791.750 581.000
731.751 521.000 791.751 581.000
731.751 521.000 791.751 581.000
731.752 521.000 791.751 581.000
731.752 521.001 791.752 581.000
731.753 521.001 791.753 581.001
731.753 521.001 791.753 581.001
731.753 521.001 791.753 581.001
731.753 521.001 791.753 581.001
731.754 521.001 791.754 581.001
731.757 521.002 791.756 581.002
731.762 521.003 791.762 581.003
731.772 521.006 791.772 581.005
731.788 521.009 791.787 581.009
731.810 521.014 791.809 581.013
731.835 521.020 791.834 581.019
731.859 521.027 791.857 581.025
731.874 521.032 791.872 581.030
731.877 521.036 791.875 581.034
731.878 521.039 791.876 581.036
731.908 521.045 791.906 581.043
732.023 521.065 792.020 581.062
732.294 521.111 792.289 581.106
732.782 521.197 792.775 581.189
733.516 521.333 793.504 581.321
734.486 521.524 794.467 581.505
735.656 521.768 795.629 581.741
736.975 522.056 796.939 582.021
738.384 522.371 798.343 582.329
739.829 522.694 799.784 582.649
741.259 523.017 801.213 582.971
742.643 523.364 802.593 583.314
743.974 523.810 803.908 583.745
745.278 524.490 805.169 584.381
746.607 525.563 806.409 585.365
748.007 527.148 807.665 586.806
749.498 529.272 808.950 588.724
751.062 531.859 810.254 591.052
752.656 534.771 811.547 593.662
754.222 537.837 812.789 596.403
755.700 540.880 813.939 599.119
757.030 543.730 814.957 601.658
758.150 546.215 815.805 603.870
759.002 548.158 816.445 605.600
759.532 549.381 816.844 606.693
759.699 549.725 816.982 607.008
759.487 549.088 816.856 606.457
758.916 547.461 816.489 605.034
758.038 544.936 815.924 602.821
756.924 541.687 815.212 599.975
755.654 537.933 814.408 596.687
754.302 533.915 813.554 593.168
752.931 529.886 812.682 589.637
751.603 526.100 811.819 586.316
750.388 522.797 811.006 583.415
749.400 520.169 810.330 581.100
748.811 518.312 809.945 579.447
748.857 517.181 810.078 578.401
749.792 516.596 810.984 577.788
751.792 516.324 812.856 577.389
754.896 516.173 815.753 577.031
759.004 516.032 819.596 576.624
763.922 515.866 824.212 576.156
769.408 515.683 829.378 575.653
775.208 515.504 834.860 575.157
781.071 515.348 840.426 574.703
786.762 515.225 845.858 574.321
792.079 515.138 850.973 574.032
796.887 515.093 855.653 573.859
801.150 515.100 859.873 573.823
804.934 515.172 863.704 573.942
808.367 515.318 867.271 574.222
811.581 515.537 870.696 574.652
814.675 515.820 874.060 575.205
817.710 516.149 877.407 575.846
820.722 516.502 880.751 576.530
823.738 516.856 884.096 577.215
826.784 517.187 887.450 577.853
829.895 517.474 890.825 578.404
833.107 517.698 894.243 578.834
836.459 517.852 897.730 579.123
839.981 517.939 901.314 579.272
843.689 517.976 905.016 579.303
847.579 517.984 908.845 579.250
851.631 517.981 912.793 579.143
855.813 517.979 916.842 579.007
860.085 517.980 920.963 578.858
864.402 517.984 925.124 578.705
868.716 517.989 929.282 578.556
872.976 517.995 933.398 578.417
877.141 517.999 937.439 578.297
881.194 518.004 941.394 578.204
885.158 518.012 945.295 578.149
889.105 518.030 949.217 578.141
893.135 518.062 953.259 578.187
897.324 518.116 957.498 578.290
901.683 518.193 961.938 578.448
906.153 518.294 966.515 578.656
910.618 518.415 971.107 578.904
914.931 518.553 975.562 579.183
918.932 518.702 979.712 579.482
922.454 518.859 983.387 579.791
925.348 519.019 986.430 580.101
927.504 519.181 988.731 580.407
928.895 519.349 990.260 580.714
929.601 519.531 991.101 581.031
929.808 519.739 991.442 581.373
929.727 519.981 991.500 581.754
929.531 520.258 991.448 582.175
929.311 520.565 991.377 582.632
929.098 520.890 991.316 583.108
928.890 521.217 991.257 583.584
928.676 521.531 991.184 584.039
928.453 521.816 991.088 584.451
928.218 522.057 990.961 584.799
927.959 522.241 990.783 585.065
927.633 522.359 990.506 585.232
927.162 522.408 990.047 585.293
926.448 522.391 989.305 585.249
925.412 522.321 988.202 585.111
924.034 522.208 986.720 584.893
922.348 522.064 984.900 584.616
920.434 521.902 982.831 584.299
918.394 521.730 980.625 583.961
916.336 521.559 978.402 583.625
914.371 521.399 976.283 583.311
912.600 521.260 974.379 583.039
911.105 521.150 972.779 582.824
909.929 521.074 971.529 582.674
909.062 521.030 970.617 582.585
908.441 521.010 969.974 582.544
907.981 521.005 969.506 582.530
907.606 521.004 969.130 582.528
907.271 521.004 968.793 582.527
906.953 521.003 968.474 582.524
906.649 520.999 968.167 582.517
906.360 520.996 967.873 582.510
906.085 520.994 967.595 582.504
905.821 520.995 967.327 582.501
905.560 520.994 967.063 582.498
905.294 520.989 966.796 582.491
905.015 520.969 966.517 582.471
904.720 520.924 966.222 582.425
904.409 520.846 965.910 582.347
904.086 520.733 965.587 582.234
903.758 520.589 965.259 582.090
903.435 520.422 964.935 581.923
903.125 520.244 964.625 581.745
902.839 520.066 964.339 581.567
902.587 519.901 964.088 581.401
902.380 519.758 963.880 581.258
902.223 519.648 963.723 581.148
902.119 519.573 963.619 581.073
902.061 519.531 963.561 581.031
902.036 519.514 963.536 581.014
902.029 519.511 963.529 581.011
902.029 519.512 963.529 581.012
902.028 519.513 963.528 581.013
902.024 519.512 963.524 581.012
902.019 519.510 963.519 581.010
902.013 519.507 963.513 581.007
902.008 519.504 963.508 581.004
902.005 519.502 963.505 581.002
902.003 519.501 963.503 581.001
902.001 519.501 963.501 581.001
902.001 519.500 963.501 581.000
902.001 519.500 963.501 581.000
902.001 519.500 963.501 581.000
902.001 519.500 963.501 581.000
902.001 519.500 963.501 581.000
902.000 519.500 963.500 581.000
902.000 519.500 963.500 581.000
902.000 519.500 963.500 581.000
902.000 519.500 963.500 581.000
902.000 519.500 963.500 581.000
902.000 519.500 963.500 581.000
902.000 519.500 963.500 581.000
902.000 519.500 963.500 581.000
902.000 519.500 963.500 581.000
902.000 519.500 963.500 581.000
902.000 519.500 963.500 581.000
902.000 519.500 963.500 581.000
902.000 519.500 963.500 581.000
902.000 519.500 963.500 581.000
902.000 519.500 963.500 581.000
902.000 519.500 963.500 581.000
902.000 519.500 963.500 581.000
902.000 519.500 963.500 581.000
902.000 519.500 963.500 581.000
902.000 519.500 963.500 581.000
902.000 519.500 963.500 581.000
902.000 519.500 963.500 581.000
902.001 519.500 963.500 581.000
902.001 519.500 963.500 581.000
902.002 519.500 963.501 580.999
902.003 519.500 963.501 580.999
902.003 519.501 963.502 580.999
902.004 519.501 963.502 580.999
902.005 519.501 963.503 580.999
902.005 519.501 963.503 580.999
902.006 519.501 963.503 580.999
902.007 519.501 963.504 580.998
902.012 519.502 963.507 580.997
902.021 519.504 963.513 580.996
902.037 519.507 963.524 580.995
902.062 519.513 963.543 580.994
902.097 519.521 963.569 580.994
902.137 519.530 963.602 580.995
902.177 519.537 963.636 580.996
902.208 519.540 963.663 580.995
902.224 519.536 963.678 580.990
902.237 519.531 963.687 580.982
902.285 519.542 963.720 580.976
902.444 519.593 963.835 580.984
902.811 519.721 964.113 581.023
903.474 519.949 964.632 581.107
904.485 520.285 965.438 581.238
905.851 520.717 966.544 581.410
907.544 521.218 967.936 581.610
909.512 521.755 969.580 581.823
911.697 522.292 971.437 582.031
914.037 522.792 973.465 582.221
916.483 523.223 975.639 582.379
919.022 523.556 977.966 582.499
921.697 523.774 980.510 582.587
924.618 523.877 983.402 582.661
927.940 523.882 986.812 582.754
931.802 523.816 990.880 582.894
936.265 523.704 995.661 583.100
941.306 523.568 1001.110 583.372
946.836 523.419 1007.112 583.696
952.731 523.265 1013.512 584.046
958.859 523.110 1020.143 584.394
965.088 522.959 1026.839 584.710
971.295 522.817 1033.448 584.970
977.384 522.701 1039.848 585.165
983.293 522.634 1045.964 585.306
989.015 522.653 1051.789 585.427
994.596 522.793 1057.382 585.578
1000.107 523.081 1062.833 585.806
1005.608 523.516 1068.225 586.134
1011.133 524.079 1073.613 586.559
1016.690 524.733 1079.018 587.060
1022.274 525.433 1084.445 587.604
1027.871 526.137 1089.889 588.155
1033.468 526.800 1095.346 588.678
1039.058 527.379 1100.815 589.136
1044.634 527.833 1106.296 589.494
1050.194 528.123 1111.787 589.717
1055.735 528.222 1117.287 589.774
1061.259 528.116 1122.791 589.648
1066.770 527.812 1128.294 589.335
1072.271 527.331 1133.793 588.852
1077.767 526.706 1139.288 588.227
1083.259 525.975 1144.778 587.494
1088.748 525.178 1150.265 586.695
1094.234 524.356 1155.747 585.868
1099.715 523.548 1161.224 585.057
1105.193 522.795 1166.699 584.300
1110.679 522.126 1172.182 583.630
1116.197 521.561 1177.700 583.063
1121.788 521.094 1183.290 582.595
1127.493 520.702 1188.995 582.204
1133.338 520.354 1194.839 581.856
1139.313 520.026 1200.815 581.529
1145.379 519.707 1206.882 581.210
1151.473 519.398 1212.976 580.901
1157.518 519.104 1219.021 580.608
1163.431 518.836 1224.935 580.340
1169.130 518.601 1230.634 580.105
1174.539 518.408 1236.043 579.912
1179.599 518.263 1241.103 579.767
1184.293 518.174 1245.798 579.678
1188.652 518.152 1250.157 579.657
1192.750 518.206 1254.257 579.713
1196.672 518.339 1258.183 579.851
1200.472 518.553 1261.991 580.072
1204.169 518.841 1265.698 580.370
1207.744 519.195 1269.286 580.737
1211.162 519.603 1272.717 581.158
1214.381 520.054 1275.946 581.619
1217.356 520.535 1278.926 582.105
1220.049 521.035 1281.621 582.607
1222.430 521.548 1284.007 583.125
1224.484 522.073 1286.086 583.675
1226.219 522.619 1287.890 584.289
1227.668 523.203 1289.476 585.012
1228.882 523.844 1290.918 585.880
1229.916 524.551 1292.276 586.911
1230.824 525.329 1293.595 588.100
1231.649 526.171 1294.897 589.419
1232.431 527.068 1296.189 590.826
1233.203 528.007 1297.470 592.274
1233.998 528.974 1298.738 593.715
1234.856 529.961 1300.003 595.107
1235.831 530.967 1301.292 596.428
1236.989 532.011 1302.659 597.680
1238.414 533.127 1304.187 598.900
1240.179 534.360 1305.963 600.144
1242.326 535.740 1308.051 601.465
1244.841 537.269 1310.460 602.888
1247.665 538.916 1313.150 604.401
1250.704 540.631 1316.041 605.968
1253.850 542.349 1319.033 607.533
1256.985 544.001 1322.020 609.035
1259.994 545.515 1324.890 610.411
1262.769 546.827 1327.545 611.603
1265.225 547.885 1329.908 612.568
1267.323 548.667 1331.947 613.291
1269.090 549.195 1333.692 613.797
1270.606 549.524 1335.227 614.146
1271.973 549.731 1336.651 614.409
1273.267 549.876 1338.034 614.643
1274.522 549.999 1339.402 614.879
1275.731 550.116 1340.743 615.128
1276.868 550.232 1342.022 615.386
1277.896 550.346 1343.198 615.647
1278.781 550.459 1344.228 615.906
1279.492 550.575 1345.074 616.157
1280.012 550.703 1345.701 616.392
1280.338 550.851 1346.081 616.594
1280.490 551.029 1346.205 616.744
1280.508 551.244 1346.081 616.816
1280.440 551.498 1345.733 616.791
1280.323 551.786 1345.197 616.660
1280.183 552.099 1344.516 616.432
1280.034 552.425 1343.735 616.126
1279.882 552.750 1342.902 615.770
1279.734 553.060 1342.072 615.397
1279.595 553.338 1341.296 615.039
1279.475 553.573 1340.625 614.723
1279.380 553.752 1340.096 614.468
1279.314 553.872 1339.726 614.284
1279.277 553.939 1339.505 614.167
1279.262 553.967 1339.399 614.104
1279.259 553.973 1339.363 614.077
1279.261 553.971 1339.357 614.068
1279.263 553.970 1339.357 614.065
1279.263 553.972 1339.350 614.059
1279.262 553.977 1339.335 614.050
1279.260 553.982 1339.316 614.038
1279.257 553.987 1339.297 614.026
1279.255 553.991 1339.281 614.016
1279.253 553.994 1339.269 614.010
1279.250 553.997 1339.261 614.007
1279.248 554.000 1339.256 614.008
1279.244 554.002 1339.252 614.010
1279.238 554.004 1339.249 614.015
1279.230 554.007 1339.244 614.020
1279.219 554.009 1339.236 614.026
1279.204 554.011 1339.225 614.032
1279.188 554.013 1339.212 614.038
1279.174 554.015 1339.201 614.042
1279.166 554.016 1339.194 614.044
1279.166 554.016 1339.194 614.044
1279.168 554.016 1339.197 614.045
1279.149 554.019 1339.185 614.055
1279.067 554.030 1339.125 614.088
1278.872 554.057 1338.974 614.160
1278.520 554.106 1338.697 614.283
1277.994 554.180 1338.278 614.464
1277.304 554.278 1337.724 614.698
1276.480 554.399 1337.058 614.977
1275.563 554.538 1336.312 615.286
1274.598 554.689 1335.516 615.608
1273.628 554.850 1334.705 615.927
1272.693 555.016 1333.906 616.230
1271.822 555.184 1333.143 616.505
1271.028 555.354 1332.425 616.751
1270.303 555.529 1331.746 616.972
1269.621 555.715 1331.087 617.180
1268.953 555.917 1330.426 617.390
1268.280 556.137 1329.755 617.612
1267.605 556.376 1329.080 617.851
1266.937 556.630 1328.413 618.106
1266.292 556.895 1327.772 618.375
1265.684 557.167 1327.168 618.651
1265.121 557.440 1326.609 618.928
1264.621 557.710 1326.112 619.202
1264.222 557.975 1325.717 619.470
1264.005 558.237 1325.502 619.734
1264.089 558.501 1325.588 620.000
1264.609 558.776 1326.109 620.276
1265.660 559.066 1327.161 620.567
1267.253 559.374 1328.755 620.877
1269.318 559.695 1330.821 621.198
1271.724 560.020 1333.228 621.524
1274.309 560.336 1335.814 621.841
1276.901 560.632 1338.407 622.137
1279.324 560.893 1340.830 622.400
1281.417 561.110 1342.924 622.616
1283.053 561.272 1344.559 622.779
1284.170 561.377 1345.677 622.885
1284.801 561.431 1346.310 622.941
1285.066 561.447 1346.580 622.961
1285.122 561.437 1346.646 622.961
1285.100 561.413 1346.639 622.952
1285.078 561.379 1346.638 622.939
1285.083 561.338 1346.668 622.923
1285.111 561.294 1346.721 622.904
1285.149 561.256 1346.779 622.886
1285.186 561.237 1346.826 622.877
1285.217 561.242 1346.860 622.886
1285.250 561.253 1346.904 622.907
1285.308 561.204 1347.012 622.908
1285.426 560.982 1347.265 622.821
1285.646 560.442 1347.759 622.554
1286.000 559.462 1348.566 622.028
1286.505 557.993 1349.714 621.203
1287.152 556.061 1351.178 620.087
1287.920 553.748 1352.892 618.720
1288.779 551.167 1354.764 617.152
1289.695 548.441 1356.695 615.440
1290.637 545.692 1358.582 613.637
1291.576 543.030 1360.333 611.787
1292.494 540.535 1361.881 609.922
1293.392 538.243 1363.192 608.043
1294.291 536.127 1364.281 606.117
1295.227 534.110 1365.200 604.083
1296.232 532.105 1366.018 601.891
1297.313 530.060 1366.787 599.533
1298.456 527.975 1367.530 597.050
1299.625 525.893 1368.249 594.517
1300.778 523.879 1368.931 592.032
1301.873 522.009 1369.559 589.696
1302.868 520.361 1370.120 587.612
1303.722 519.004 1370.595 585.877
1304.382 517.990 1370.960 584.568
1304.786 517.343 1371.176 583.733
1304.861 517.046 1371.187 583.373
1304.541 517.043 1370.935 583.437
1303.790 517.261 1370.378 583.849
1302.617 517.635 1369.509 584.527
1301.072 518.124 1368.354 585.406
1299.231 518.701 1366.963 586.434
1297.184 519.354 1365.396 587.566
1295.024 520.067 1363.718 588.761
1292.844 520.824 1361.991 589.971
1290.733 521.611 1360.275 591.153
1288.762 522.425 1358.614 592.276
1286.977 523.288 1357.023 593.334
1285.379 524.251 1355.483 594.356
1283.932 525.383 1353.945 595.396
1282.581 526.738 1352.352 596.509
1281.277 528.330 1350.669 597.722
1279.995 530.131 1348.893 599.029
1278.730 532.078 1347.051 600.399
1277.489 534.091 1345.184 601.786
1276.287 536.084 1343.341 603.139
1275.136 537.970 1341.572 604.406
1274.045 539.668 1339.915 605.538
1273.017 541.116 1338.399 606.497
1272.046 542.285 1337.028 607.267
1271.116 543.195 1335.783 607.862
1270.205 543.906 1334.626 608.327
1269.296 544.496 1333.516 608.716
1268.384 545.027 1332.427 609.070
1267.477 545.531 1331.355 609.409
1266.591 546.014 1330.311 609.734
1265.750 546.467 1329.320 610.037
1264.980 546.874 1328.412 610.307
1264.307 547.222 1327.620 610.535
1263.756 547.500 1326.971 610.715
1263.343 547.703 1326.485 610.845
1263.069 547.835 1326.161 610.926
1262.917 547.907 1325.978 610.968
1262.852 547.938 1325.897 610.984
1262.834 547.948 1325.871 610.986
1262.831 547.952 1325.864 610.985
1262.827 547.956 1325.856 610.985
1262.816 547.963 1325.841 610.987
1262.802 547.971 1325.822 610.991
1262.786 547.980 1325.801 610.995
1262.773 547.987 1325.784 610.998
1262.764 547.992 1325.771 610.999
1262.757 547.996 1325.762 611.000
1262.754 547.998 1325.757 611.000
1262.753 547.998 1325.755 611.000
1262.752 547.999 1325.754 611.000
1262.752 547.999 1325.753 611.000
1262.752 547.999 1325.753 611.000
1262.752 547.999 1325.753 611.000
1262.751 547.999 1325.752 611.000
1262.751 547.999 1325.752 611.000
1262.751 548.000 1325.751 611.000
1262.750 548.000 1325.751 611.000
1262.750 548.000 1325.751 611.000
1262.750 548.000 1325.750 611.000
1262.750 548.000 1325.750 611.000
1262.750 548.000 1325.750 611.000
1262.750 548.000 1325.750 611.000
1262.750 548.000 1325.750 611.000
1262.750 548.000 1325.750 611.000
1262.750 548.000 1325.750 611.000
1262.750 548.000 1325.750 611.000
1262.750 548.000 1325.750 611.000
1262.750 548.000 1325.750 611.000
1262.750 548.000 1325.750 611.000
1262.750 548.000 1325.750 611.000
1262.750 548.000 1325.750 611.000
1262.750 548.000 1325.750 611.000
1262.750 548.000 1325.750 611.000
1262.750 548.000 1325.750 611.000
1262.750 548.000 1325.750 611.000
1262.750 548.000 1325.750 610.999
1262.751 547.999 1325.750 610.999
1262.751 547.999 1325.750 610.999
1262.751 547.998 1325.751 610.998
1262.752 547.998 1325.751 610.997
1262.752 547.997 1325.751 610.997
1262.753 547.997 1325.752 610.996
1262.753 547.997 1325.752 610.996
1262.753 547.997 1325.752 610.995
1262.754 547.996 1325.752 610.994
1262.756 547.993 1325.754 610.991
1262.760 547.988 1325.757 610.984
1262.769 547.978 1325.763 610.972
1262.782 547.962 1325.773 610.953
1262.800 547.940 1325.787 610.928
1262.821 547.915 1325.804 610.899
1262.841 547.891 1325.821 610.872
1262.855 547.876 1325.834 610.855
1262.862 547.871 1325.840 610.849
1262.866 547.868 1325.842 610.845
1262.891 547.839 1325.859 610.807
1262.977 547.728 1325.925 610.675
1263.179 547.466 1326.086 610.373
1263.545 546.995 1326.384 609.834
1264.100 546.285 1326.843 609.028
1264.843 545.343 1327.466 607.966
1265.754 544.201 1328.237 606.684
1266.799 542.906 1329.130 605.237
1267.938 541.512 1330.113 603.687
1269.133 540.071 1331.156 602.094
1270.352 538.629 1332.237 600.514
1271.585 537.211 1333.362 598.988
1272.858 535.816 1334.576 597.533
1274.235 534.406 1335.964 596.135
1275.802 532.921 1337.636 594.755
1277.627 531.308 1339.672 593.353
1279.724 529.549 1342.087 591.912
1282.047 527.669 1344.821 590.442
1284.506 525.727 1347.758 588.979
1286.986 523.801 1350.751 587.566
1289.362 521.977 1353.640 586.254
1291.507 520.342 1356.261 585.096
1293.305 518.976 1358.468 584.139
1294.667 517.938 1360.148 583.419
1295.562 517.246 1361.263 582.947
1296.036 516.866 1361.862 582.692
1296.202 516.711 1362.083 582.592
1296.201 516.679 1362.092 582.570
1296.143 516.688 1362.025 582.571
1296.089 516.695 1361.958 582.565
1296.059 516.684 1361.921 582.547
1296.053 516.660 1361.916 582.523
1296.070 516.630 1361.940 582.500
1296.113 516.599 1361.997 582.483
1296.182 516.572 1362.083 582.472
1296.255 516.550 1362.169 582.464
1296.264 516.543 1362.178 582.457
1296.089 516.568 1361.973 582.452
1295.584 516.645 1361.390 582.452
1294.635 516.792 1360.302 582.459
1293.207 517.012 1358.670 582.475
1291.355 517.297 1356.555 582.497
1289.194 517.631 1354.086 582.522
1286.871 517.990 1351.429 582.548
1284.541 518.350 1348.762 582.571
1282.358 518.686 1346.262 582.590
1280.468 518.975 1344.097 582.603
1279.001 519.200 1342.415 582.614
1278.047 519.353 1341.324 582.629
1277.641 519.438 1340.870 582.666
1277.749 519.472 1341.023 582.747
1278.286 519.479 1341.695 582.887
1279.153 519.476 1342.772 583.096
1280.248 519.473 1344.140 583.365
1281.488 519.475 1345.692 583.680
1282.793 519.480 1347.331 584.017
1284.089 519.486 1348.957 584.354
1285.297 519.491 1350.474 584.667
1286.341 519.495 1351.783 584.937
1287.156 519.498 1352.808 585.149
1287.711 519.499 1353.510 585.298
1288.021 519.499 1353.910 585.388
1288.149 519.499 1354.082 585.432
1288.174 519.499 1354.124 585.449
1288.163 519.499 1354.117 585.453
1288.154 519.499 1354.109 585.454
1288.160 519.500 1354.118 585.458
1288.178 519.500 1354.143 585.464
1288.200 519.500 1354.173 585.473
1288.220 519.500 1354.201 585.481
1288.235 519.500 1354.223 585.489
1288.243 519.500 1354.237 585.494
1288.247 519.500 1354.243 585.496
1288.245 519.500 1354.241 585.496
